2 0.5405345211581292 0.7519367588932807 0.22360801781737188 0.36871541501976274
6 0.8291759465478842 0.8950395256916995 0.03474387527839649 0.18057312252964428
2 0.9103563474387528 0.8154150197628459 0.17928730512249444 0.3691699604743082
2 0.9576837416481069 0.6064426877470356 0.08463251670378619 0.06189723320158113
2 0.6536748329621381 0.6341304347826087 0.08463251670378619 0.13306324110671944
2 0.17906458797327396 0.5661264822134386 0.039643652561247245 0.04448616600790512
2 0.24643652561247217 0.5665217391304348 0.038530066815144794 0.03737154150197622
1 0.30534521158129174 0.5463438735177866 0.020489977728285053 0.03658102766798417
2 0.31770601336302895 0.5643478260869565 0.020712694877505593 0.02907114624505936
2 0.3530066815144766 0.5598023715415019 0.017817371937639197 0.01602766798418975
3 0.18919821826280625 0.703498023715415 0.044320712694877515 0.14928853754940705
3 0.3169265033407573 0.6529051383399209 0.03474387527839649 0.09551383399209494
3 0.3835189309576837 0.6325296442687747 0.020935412026726007 0.08247035573122533
3 0.42104677060133633 0.6208695652173913 0.01358574610244994 0.07098814229249004
3 0.44120267260579066 0.6088142292490119 0.016035634743875253 0.050830039525691754
3 0.45434298440979953 0.5965612648221345 0.011135857461024499 0.03422924901185781
5 0.4463251670378619 0.4641304347826087 0.021826280623608044 0.03023715415019765
5 0.489532293986637 0.46195652173913043 0.019153674832962188 0.037747035573122575
5 0.5380846325167038 0.46373517786561264 0.01826280623608015 0.03735177865612644