2 0.19376391982182628 0.5643478260869565 0.051224944320712694 0.06069169960474315
2 0.2848552338530067 0.56 0.03296213808463254 0.044090909090908986
2 0.31302895322939867 0.5505138339920949 0.019821826280623556 0.040928853754940785
2 0.34376391982182625 0.560790513833992 0.023830734966592403 0.02986166007905141
2 0.5335189309576838 0.7343478260869565 0.2162583518930958 0.3374703557312253
2 0.6365256124721603 0.6088142292490119 0.0521158129175946 0.09826086956521744
2 0.8524498886414253 0.7521343873517786 0.2951002227171492 0.31770750988142293
2 0.9693763919821826 0.6050592885375494 0.061247216035634745 0.07098814229249004
6 0.7090200445434299 0.7740711462450593 0.03273942093541213 0.1283596837944665
6 0.7768374164810691 0.8294071146245059 0.041425389755011185 0.16000000000000006
3 0.18552338530066814 0.7011264822134387 0.04810690423162582 0.16035573122529642
3 0.3169265033407573 0.6505335968379446 0.03474387527839649 0.1065810276679841
3 0.38385300668151445 0.6317391304347827 0.023830734966592403 0.080889328063241
3 0.42138084632516704 0.6167193675889329 0.016481069042316207 0.06664031620553365
3 0.4416481069042317 0.6042687747035573 0.01692650334075729 0.05359683794466404
0 0.42082405345211576 0.5020750988142293 0.07104677060133625 0.07452569169960475
5 0.44610244988864145 0.45859683794466405 0.025835189309576886 0.034980237154150176
5 0.4902004454342984 0.4617588932806324 0.024944320712694854 0.04130434782608691
5 0.538195991091314 0.4633399209486166 0.025167037861915393 0.044466403162055336