2 0.18028953229398664 0.5730434782608695 0.053229398663697115 0.046462450592885354
2 0.23897550111358573 0.5740316205533597 0.04810690423162582 0.04448616600790512
1 0.3042316258351893 0.5528853754940711 0.03162583518930955 0.045671936758893306
2 0.3582405345211581 0.5641501976284584 0.021603563474387504 0.0326284584980237
2 0.5406458797327395 0.7701185770750988 0.23051224944320714 0.37345849802371545
2 0.6661469933184856 0.6414426877470356 0.09175946547884198 0.1279249011857708
2 0.7538975501113586 0.5860869565217391 0.0801781737193764 0.048853754940711515
2 0.8308463251670379 0.7537154150197628 0.27193763919821834 0.30505928853754943
6 0.7034521158129177 0.7657509881422926 0.02605790645879743 0.10385375494071138
6 0.7646993318485524 0.8260474308300395 0.037193763919821925 0.14142292490118566
2 0.9498886414253898 0.6145454545454545 0.10022271714922049 0.07415019762845847
3 0.18608017817371936 0.7171343873517787 0.05590200445434297 0.17262845849802377
3 0.31714922048997773 0.6619960474308301 0.03073496659242764 0.10579051383399204
3 0.38329621380846324 0.6372727272727272 0.024944320712694854 0.07614624505928848
3 0.41937639198218263 0.62699604743083 0.01692650334075729 0.07138339920948618
3 0.4397550111358574 0.6147430830039525 0.015367483296213758 0.05478260869565223
5 0.4465478841870824 0.46729249011857704 0.026726057906458798 0.05237154150197629
5 0.4887527839643652 0.4688735177865613 0.024276169265033357 0.05553359683794471
5 0.5402004454342985 0.47025691699604744 0.02472160356347444 0.046442687747035576