2 0.18819599109131402 0.5621739130434782 0.053452115812917596 0.052391304347826066
2 0.28596881959910914 0.5629644268774704 0.03073496659242764 0.038162055335968274
1 0.3086859688195991 0.5463636363636363 0.03162583518930955 0.052391304347826066
1 0.3775055679287305 0.5390513833992094 0.022271714922048998 0.05752964426877473
2 0.34454342984409797 0.5598023715415019 0.027616926503340706 0.03183794466403165
2 0.5357461024498886 0.7284189723320158 0.19398663697104682 0.31770750988142293
2 0.6326280623608018 0.6127667984189723 0.06258351893095773 0.10618577075098817
2 0.8429844097995546 0.7394861660079052 0.29398663697104677 0.30822134387351785
2 0.9693763919821826 0.6078260869565217 0.061247216035634745 0.06861660079051389
6 0.7051224944320713 0.7633794466403162 0.02271714922049008 0.11492094861660075
6 0.7641425389755012 0.8321739130434782 0.02939866369710478 0.1260079051383399
3 0.18786191536748328 0.7023122529644269 0.0505567928730512 0.15482213438735185
3 0.32138084632516706 0.6550790513833993 0.03474387527839649 0.1038142292490118
3 0.3851893095768374 0.6333201581027668 0.02650334075723826 0.08405138339920944
3 0.42238307349665927 0.6161264822134387 0.016258351893095793 0.06150197628458499
3 0.4428730512249443 0.5985375494071147 0.012694877505567904 0.04608695652173923
3 0.455902004454343 0.5951778656126483 0.009799554565701508 0.043320158102766716
0 0.4247216035634744 0.5034584980237155 0.0721603563474387 0.06543478260869567
5 0.4465478841870824 0.4617588932806324 0.026726057906458798 0.04130434782608691
5 0.4905345211581292 0.4623517786561265 0.02783964365256125 0.046442687747035576
5 0.5369710467706014 0.46492094861660077 0.02939866369710465 0.04762845849802376