2 0.08719376391982182 0.5791699604743084 0.05412026726057906 0.06268774703557317
2 0.228619153674833 0.5742292490118577 0.05634743875278399 0.056758893280632466
2 0.2700445434298441 0.5740316205533597 0.02338530066815145 0.028675889328063222
2 0.29922048997772827 0.5738339920948616 0.023830734966592403 0.04804347826086946
2 0.3481069042316259 0.5716600790513834 0.025835189309576886 0.039743083003952594
2 0.4162583518930958 0.5841106719367589 0.07305122494432074 0.03699604743083009
2 0.5361915367483296 0.7709090909090909 0.23942093541202672 0.37503952569169957
2 0.6378619153674833 0.6281818181818182 0.04855233853006671 0.09749011857707518
2 0.7130289532293986 0.6815612648221344 0.13875278396436516 0.18051383399209492
2 0.8680400890868597 0.8104743083003954 0.2639198218262806 0.3790513833992094
6 0.7521158129175947 0.8248616600790514 0.04097995545657011 0.13114624505928857
6 0.8461024498886414 0.914407114624506 0.059688195991091215 0.1639920948616601
2 0.9537861915367484 0.6119762845849803 0.09242761692650334 0.05715415019762838
2 0.7743875278396436 0.593399209486166 0.057015590200445485 0.04371541501976285
6 0.19097995545657015 0.719703557312253 0.05679287305122494 0.17381422924901194
6 0.3187082405345211 0.6685177865612648 0.03830734966592425 0.11488142292490118
6 0.38318485523385304 0.6432015810276679 0.026948775055679337 0.08009881422924896
6 0.42015590200445435 0.6289723320158103 0.020712694877505593 0.0674308300395257
6 0.44409799554565704 0.619090909090909 0.017371937639198243 0.055573122529644275
5 0.44766146993318484 0.4718379446640316 0.015590200445434299 0.0337944664031621
5 0.4904231625835189 0.475197628458498 0.020935412026726007 0.036561264822134384
5 0.5376391982182628 0.4783596837944664 0.017371937639198243 0.04288537549407112