2 0.9270601336302895 0.8734980237154151 0.14587973273942093 0.23630434782608684
6 0.8703786191536749 0.9391106719367589 0.032516703786191585 0.11458498023715419
2 0.011135857461024499 0.6687154150197628 0.022271714922048998 0.06389328063241115
2 0.1418708240534521 0.659604743083004 0.04988864142538977 0.05361660079051383
2 0.24097995545657017 0.6617786561264822 0.04766146993318487 0.04610671936758901
1 0.349554565701559 0.6277865612648221 0.04432071269487745 0.07296442687747028
2 0.5507795100222718 0.7452173913043478 0.11937639198218268 0.1892292490118577
2 0.6105790645879732 0.6744466403162055 0.03184855233852996 0.05559288537549406
2 0.6650334075723832 0.7155533596837944 0.08507795100222727 0.12201581027667986
4 0.7596881959910914 0.7068577075098814 0.08285077951002237 0.04136363636363626
3 0.24420935412026729 0.8076679841897233 0.05189309576837419 0.1560474308300396
3 0.3712694877505568 0.7558695652173913 0.0365256124721603 0.10780632411067184
3 0.3948775055679288 0.7040909090909091 0.02138084632516709 0.05956521739130432
3 0.43084632516703786 0.7260276679841897 0.024276169265033357 0.07577075098814236
3 0.4583518930957684 0.7094268774703558 0.019153674832962188 0.058379446640316135
3 0.4749443207126949 0.6985573122529645 0.014476614699331848 0.048478260869565165
5 0.47360801781737194 0.5394268774703557 0.020712694877505593 0.03460474308300394
5 0.5204899777282851 0.541600790513834 0.023162583518930906 0.04290513833992102
5 0.575055679287305 0.5400197628458498 0.029844097995545608 0.039743083003952594