6 0.7496659242761693 0.8979841897233202 0.03162583518930968 0.11140316205533597
6 0.8305122494432071 0.9468379446640317 0.03741648106904222 0.10632411067193667
2 0.8680400890868597 0.8539525691699605 0.2639198218262806 0.292094861660079
2 0.9699331848552338 0.6857114624505929 0.060133630289532294 0.07416996047430825
2 0.8771714922048999 0.6924308300395257 0.08841870824053462 0.06389328063241115
2 0.6646993318485523 0.7418379446640316 0.09999999999999995 0.12322134387351782
2 0.5335189309576838 0.7202964426877471 0.09153674832962143 0.1473122529644268
2 0.6056792873051224 0.6969762845849803 0.039866369710467656 0.07695652173913031
2 0.09443207126948774 0.6740513833992094 0.0930957683741648 0.07851778656126486
2 0.16414253897550113 0.6633596837944664 0.04988864142538977 0.06507905138339912
0 0.46547884187082406 0.6135573122529644 0.051224944320712694 0.0603162055335968
5 0.47895322939866375 0.5694861660079051 0.022494432071269537 0.03144268774703551
5 0.5128062360801782 0.5700790513833992 0.01893095768374165 0.03658102766798417
5 0.5543429844097996 0.5694861660079051 0.019599109131403142 0.03144268774703551
3 0.28652561247216035 0.7517193675889328 0.029621380846325193 0.10345849802371546
3 0.37962138084632513 0.7155533596837944 0.019821826280623556 0.07458498023715417
3 0.41937639198218263 0.703102766798419 0.01692650334075729 0.06154150197628456
3 0.4487750556792873 0.6997430830039526 0.013363028953229399 0.058754940711462485
3 0.4679287305122494 0.6918379446640316 0.016035634743875253 0.04294466403162059
2 0.21124721603563473 0.652292490118577 0.0305122494432071 0.04294466403162059
2 0.27616926503340755 0.6532806324110672 0.028953229398663696 0.04096837944664035