6 0.7220489977728285 0.8829644268774703 0.020935412026726007 0.09717391304347818
6 0.7734966592427617 0.9353557312252965 0.030289532293986687 0.11891304347826079
2 0.8446547884187082 0.8570948616600791 0.2639198218262806 0.27861660079051387
2 0.9365256124721604 0.7179249011857707 0.09799554565701558 0.06351778656126479
2 0.6816258351893096 0.7578458498023716 0.09821826280623613 0.13547430830039517
2 0.6211581291759465 0.719308300395257 0.04632516703786181 0.07023715415019756
2 0.5393095768374165 0.7711067193675889 0.12093541202672609 0.19754940711462457
2 0.03953229398663697 0.6730632411067193 0.07906458797327394 0.0488735177865613
2 0.1811804008908686 0.6853162055335968 0.0461024498886414 0.03385375494071145
2 0.23084632516703787 0.6874901185770751 0.04298440979955459 0.04215415019762854
3 0.12661469933184855 0.8388932806324111 0.06748329621380846 0.17897233201581017
3 0.32271714922049 0.7637747035573124 0.03741648106904234 0.10780632411067184
3 0.39042316258351895 0.7426284584980237 0.030289532293986687 0.07735177865612645
3 0.4297327394209354 0.7293873517786561 0.02650334075723826 0.06272727272727274
3 0.4548997772828508 0.7212845849802372 0.01893095768374165 0.05047430830039518
3 0.4714922048997773 0.7125889328063241 0.014253897550111309 0.033063241106719404
5 0.47416481069042316 0.5870750988142293 0.019599109131403142 0.031067193675889383
5 0.5134743875278397 0.5870750988142293 0.01581291759465484 0.031067193675889383
5 0.5577951002227172 0.5825296442687747 0.019821826280623556 0.03383399209486167