6 0.7418708240534522 0.888893280632411 0.02939866369710478 0.11693675889328055
6 0.8076837416481069 0.9428853754940711 0.04743875278396426 0.11422924901185762
2 0.8674832962138085 0.8500000000000001 0.2650334075723831 0.29999999999999993
2 0.8893095768374165 0.6904545454545454 0.09265033407572389 0.052035573122529724
2 0.984966592427617 0.6922332015810276 0.030066815144766147 0.08328063241106717
2 0.6658129175946548 0.7329446640316205 0.09777282850779505 0.14100790513833997
2 0.610022271714922 0.6981620553359683 0.041870824053452015 0.08723320158102764
2 0.5348552338530067 0.7260276679841897 0.09420935412026729 0.15484189723320163
2 0.044543429844097995 0.6783992094861659 0.08908685968819599 0.09511857707509881
2 0.1262806236080178 0.6633596837944664 0.07216035634743877 0.06507905138339912
2 0.20167037861915366 0.6544664031620554 0.051447661469933174 0.05124505928853745
2 0.2639198218262806 0.6554545454545455 0.026726057906458798 0.03345849802371532
0 0.46391982182628067 0.610395256916996 0.05256124721603569 0.05399209486166018
5 0.4761692650334076 0.5698814229249012 0.019153674832962188 0.02432806324110661
5 0.5130289532293987 0.5740316205533597 0.014922048997772804 0.028675889328063222
5 0.5538975501113585 0.5738339920948616 0.01870824053452111 0.03223320158102756
3 0.2661469933184855 0.7604150197628459 0.031180400890868598 0.12084980237154146
3 0.3714922048997773 0.7244466403162055 0.023608017817371988 0.08841897233201583
3 0.4142538975501114 0.7092292490118577 0.0200445434298441 0.061936758893280694
3 0.44821826280623606 0.6993478260869566 0.014476614699331848 0.05005928853754949
3 0.46547884187082406 0.6926284584980238 0.015590200445434299 0.044525691699604686