2 0.17661469933184853 0.5647430830039526 0.03919821826280622 0.05357707509881426
2 0.31124721603563477 0.5657312252964427 0.021158129175946547 0.03579051383399212
1 0.3065701559020045 0.5455533596837945 0.025167037861915393 0.03500000000000007
2 0.3524498886414254 0.560790513833992 0.01893095768374165 0.02986166007905141
2 0.37138084632516705 0.560197628458498 0.01670378619153675 0.02472332015810275
3 0.18752783964365258 0.7072529644268775 0.04766146993318487 0.14494071146245066
3 0.3174832962138085 0.6578458498023716 0.033630289532294036 0.10144268774703566
3 0.3820712694877506 0.635889328063241 0.02917594654788424 0.08523715415019761
3 0.4199331848552339 0.6186956521739131 0.01581291759465484 0.06268774703557317
3 0.4397550111358574 0.6080237154150198 0.015367483296213758 0.04924901185770743
2 0.5393095768374165 0.7533201581027668 0.23674832962138087 0.3596245059288538
2 0.7209354120267261 0.677806324110672 0.1478841870824053 0.1848616600790513
2 0.6211581291759465 0.6131620553359683 0.04632516703786181 0.09905138339920949
2 0.9593541202672605 0.6147430830039525 0.08129175946547884 0.07059288537549413
2 0.7489977728285078 0.5787747035573123 0.06146993318485528 0.038162055335968274
5 0.4458797327394209 0.4688735177865613 0.029844097995545608 0.039723320158102815
5 0.4943207126948775 0.46669960474308303 0.022048997772828458 0.047233201581027624
5 0.538195991091314 0.46946640316205535 0.025167037861915393 0.04486166007905136