2 0.1809576837416481 0.5669169960474308 0.05011135857461024 0.061877470355731115
2 0.300445434298441 0.5653359683794467 0.03741648106904234 0.04290513833992102
2 0.3463251670378619 0.5592094861660079 0.022271714922048998 0.026699604743082986
2 0.36848552338530066 0.559407114624506 0.015367483296213758 0.02314229249011865
2 0.5366369710467706 0.7535177865612648 0.24031180400890864 0.37187747035573115
2 0.7081291759465479 0.669703557312253 0.14677060133630285 0.18841897233201588
2 0.9543429844097996 0.6181027667984189 0.09131403118040089 0.08916996047430831
3 0.18997772828507795 0.7104150197628459 0.05701559020044542 0.1670750988142292
3 0.31937639198218265 0.6556719367588932 0.03518930957683744 0.10895256916996046
3 0.38596881959910917 0.635296442687747 0.02138084632516709 0.08009881422924896
3 0.42193763919821825 0.619090909090909 0.015367483296213758 0.07138339920948618
3 0.44387527839643653 0.6109881422924902 0.01247216035634749 0.05913043478260861
5 0.4468819599109132 0.46729249011857704 0.020712694877505593 0.036561264822134384
5 0.49153674832962135 0.46689723320158105 0.01870824053452111 0.04367588932806329
5 0.5388641425389755 0.46788537549407117 0.022048997772828458 0.04169960474308305