6 0.7296213808463252 0.9037154150197628 0.01826280623608028 0.10310276679841889
6 0.7850779510022272 0.9426679841897233 0.035634743875278395 0.11379446640316214
2 0.8630289532293987 0.8618577075098814 0.2739420935412027 0.27628458498023706
2 0.9615812917594655 0.7353162055335968 0.07683741648106904 0.06667984189723322
2 0.6984409799554566 0.7958102766798419 0.11625835189309587 0.16395256916996054
2 0.634966592427617 0.736106719367589 0.047216035634743976 0.06826086956521732
2 0.5420935412026726 0.839505928853755 0.18663697104677063 0.27899209486166
2 0.2309576837416481 0.7042885375494071 0.04097995545657017 0.0401778656126483
2 0.19086859688195992 0.6916403162055337 0.04097995545657017 0.046501976284584925
2 0.39443207126948776 0.7025098814229249 0.05612472160356345 0.040573122529644214
2 0.47160356347438753 0.6950000000000001 0.030066815144766147 0.03345849802371532
0 0.44988864142538976 0.6372727272727272 0.0645879732739421 0.06033596837944659
5 0.46859688195991095 0.6003162055335968 0.021826280623608044 0.029881422924901195
5 0.5103563474387528 0.5983399209486165 0.02739420935412029 0.03383399209486167
5 0.5624721603563475 0.5961660079051384 0.033630289532294036 0.041343873517786484
3 0.26458797327394207 0.8094466403162055 0.04142538975501112 0.13984189723320156
3 0.36158129175946546 0.7782015810276679 0.032739420935412 0.10108695652173909
3 0.41358574610244986 0.7558695652173913 0.023162583518930906 0.07616600790513826
3 0.44621380846325165 0.7428260869565217 0.014922048997772804 0.05798418972332022
3 0.4657015590200445 0.7386758893280632 0.020489977728285053 0.05363636363636361