6 0.7184855233853007 0.8861264822134387 0.02271714922049008 0.10349802371541503
6 0.772271714922049 0.9365415019762846 0.025612472160356347 0.11337944664031621
2 0.8487750556792873 0.856304347826087 0.26993318485523393 0.27701581027667976
2 0.9459910913140311 0.7274110671936759 0.10801781737193764 0.06667984189723322
2 0.6806236080178174 0.770711462450593 0.09844097995545667 0.12559288537549398
2 0.6233853006681513 0.7254347826086956 0.041870824053452015 0.07063241106719369
2 0.5385300668151448 0.796205533596838 0.14387527839643657 0.23588932806324114
2 0.1506681514476615 0.6959881422924902 0.034075723830734976 0.047292490118576974
2 0.1267260579064588 0.6857114624505929 0.01959910913140311 0.04254940711462445
3 0.06926503340757238 0.873102766798419 0.06503340757238307 0.21179841897233193
3 0.3082405345211581 0.7758498023715414 0.039643652561247245 0.11215415019762846
3 0.3819599109131403 0.7525098814229249 0.031180400890868598 0.08920948616600788
3 0.42594654788418707 0.7384782608695653 0.02338530066815145 0.07300395256916985
3 0.45456570155902004 0.7305731225296443 0.016035634743875253 0.05719367588932817
0 0.45200445434298436 0.6333201581027668 0.06213808463251665 0.05241106719367585
5 0.4708240534521158 0.5930039525691699 0.017371937639198243 0.03501976284584986
5 0.5129175946547885 0.5902371541501977 0.01692650334075729 0.037391304347826004
5 0.5562360801781737 0.5926086956521739 0.021158129175946547 0.042134387351778754