2 0.15300668151447663 0.5874703557312253 0.054342984409799566 0.055573122529644275
2 0.26224944320712695 0.5854940711462451 0.03897550111358575 0.04371541501976285
2 0.2946547884187083 0.5862845849802372 0.01692650334075729 0.029486166007905056
2 0.3155902004454343 0.5882608695652174 0.023162583518930906 0.025533596837944584
2 0.3574610244988864 0.5854940711462451 0.026726057906458798 0.02790513833992096
2 0.41002227171492206 0.5935968379446641 0.06948775055679285 0.040158102766798515
2 0.5408685968819599 0.7778458498023715 0.22650334075723827 0.3770158102766798
2 0.6353006681514477 0.6398418972332016 0.05011135857461024 0.10895256916996046
2 0.7169265033407571 0.7001383399209485 0.1398663697104676 0.19395256916996045
2 0.8747216035634744 0.8223320158102767 0.2505567928730512 0.35533596837944653
2 0.955456570155902 0.6319367588932806 0.08908685968819599 0.06150197628458499
6 0.7530066815144767 0.8381027667984189 0.03385300668151458 0.14577075098814227
6 0.8466592427616926 0.9290513833992096 0.040757238307349564 0.14189723320158093
3 0.19487750556792874 0.7303754940711462 0.04899777282850779 0.15563241106719367
3 0.32271714922049 0.6817588932806324 0.03741648106904234 0.11371541501976277
3 0.38641425389755013 0.6580434782608696 0.031180400890868598 0.0820750988142292
3 0.4211581291759465 0.6457707509881423 0.020489977728285053 0.06547430830039525
3 0.4430957683741648 0.6356916996047431 0.017594654788418658 0.05715415019762838
0 0.4255011135857461 0.5362845849802372 0.06703786191536754 0.07571146245059283
5 0.4468819599109132 0.4910079051383399 0.020712694877505593 0.036561264822134384
5 0.488195991091314 0.491403162055336 0.025389755011135808 0.04525691699604744
5 0.5384187082405345 0.49239130434782613 0.030066815144766147 0.04328063241106721