6 0.7256124721603564 0.8829644268774703 0.02806236080178179 0.11298418972332008
6 0.788641425389755 0.9409090909090909 0.03385300668151458 0.1181818181818181
2 0.85913140311804 0.8519762845849803 0.2817371937639198 0.2960474308300394
2 0.9576837416481069 0.7100197628458498 0.08463251670378619 0.06351778656126479
2 0.6951002227171492 0.7639920948616601 0.12293986636971056 0.1674901185770751
2 0.6256124721603563 0.7147628458498024 0.06414253897550101 0.07300395256916985
2 0.5342984409799555 0.8238932806324111 0.19331848552338532 0.3070553359683795
2 0.1653674832962138 0.6821541501976285 0.05456570155902005 0.0433399209486165
2 0.1403118040089087 0.6625691699604743 0.060133630289532294 0.047687747035573116
2 0.2856347438752784 0.6677075098814229 0.02783964365256125 0.03424901185770759
2 0.3358574610244989 0.6649407114624506 0.023608017817371988 0.03662055335968374
2 0.39075723830734965 0.6748418972332016 0.05991091314031175 0.048478260869565165
2 0.4584632516703786 0.6677075098814229 0.0349665924276169 0.03424901185770759
3 0.23997772828507796 0.7892885375494071 0.04788418708240535 0.13903162055335974
3 0.34231625835189305 0.7513241106719368 0.032071269487750506 0.09476284584980246
3 0.3997772828507795 0.7325494071146246 0.022271714922048998 0.06905138339920937
3 0.4345211581291759 0.7206916996047431 0.020489977728285053 0.061146245059288645
3 0.45367483296213806 0.7084387351778657 0.023162583518930906 0.044525691699604686