2 0.05679287305122494 0.5767984189723321 0.10244988864142539 0.08956521739130445
2 0.18730512249443207 0.5728458498023715 0.033853006681514454 0.05001976284584969
2 0.22271714922049 0.5724505928853756 0.0378619153674833 0.0413241106719367
2 0.28084632516703784 0.5738339920948616 0.033853006681514454 0.04804347826086946
1 0.30734966592427615 0.5554545454545454 0.028953229398663696 0.0468577075098815
2 0.3679287305122494 0.5625691699604743 0.016481069042316207 0.029466403162055274
2 0.5394209354120267 0.764387351778656 0.23474387527839638 0.3659486166007904
2 0.6804008908685969 0.6515217391304348 0.10244988864142539 0.13622529644268766
2 0.8546770601336303 0.7687351778656126 0.2906458797327394 0.319288537549407
6 0.7216035634743875 0.7819565217391304 0.028953229398663696 0.0967391304347827
6 0.789086859688196 0.8586561264822135 0.05256124721603569 0.13944664031620543
2 0.9593541202672605 0.6092094861660079 0.08129175946547884 0.059525691699604755
2 0.7570155902004454 0.5874703557312253 0.07750556792873041 0.055573122529644275
3 0.1888641425389755 0.7145652173913043 0.050334075723830723 0.15561264822134388
3 0.31737193763919824 0.6623913043478261 0.035634743875278395 0.09867588932806315
3 0.38429844097995547 0.6378656126482213 0.02472160356347444 0.08128458498023715
3 0.4211581291759465 0.6238339920948617 0.020489977728285053 0.06505928853754933
3 0.4430957683741648 0.6129644268774704 0.017594654788418658 0.05517786561264814
0 0.4255011135857461 0.5147233201581027 0.06703786191536754 0.06820158102766796
5 0.44844097995545656 0.4706521739130435 0.019376391982182602 0.03932806324110667
5 0.49287305122494435 0.47243083003952574 0.02138084632516709 0.03893280632411065
5 0.539086859688196 0.46966403162055337 0.026948775055679337 0.04130434782608691