3 0.0730512249443207 0.8691501976284586 0.05924276169265033 0.18808300395256908
3 0.310022271714922 0.7762252964426877 0.03429844097995541 0.10503952569169955
3 0.38374164810690425 0.7505335968379446 0.025835189309576886 0.07735177865612645
3 0.4257238307349666 0.7368972332015811 0.018485523385300694 0.06984189723320164
3 0.4542316258351893 0.7250395256916996 0.013140311804008858 0.0461264822134388
6 0.7192650334075723 0.880197628458498 0.017594654788418658 0.09954545454545455
6 0.7708240534521159 0.931403162055336 0.02494432071269498 0.11100790513833984
2 0.8482182628062361 0.8509683794466403 0.2532293986636972 0.26239130434782604
2 0.9461024498886415 0.7228656126482214 0.10378619153674838 0.05363636363636361
2 0.6787305122494433 0.7661462450592885 0.09688195991091314 0.1283596837944665
2 0.6240534521158129 0.7228656126482214 0.038752783964365205 0.06944664031620551
2 0.5384187082405345 0.7884980237154151 0.13697104677060135 0.21652173913043468
2 0.14175946547884186 0.6878853754940711 0.03407572383073496 0.05084980237154154
2 0.182739420935412 0.6920355731225297 0.044766146993318476 0.03938735177865603
0 0.4496659242761693 0.6333201581027668 0.06859688195991094 0.06824110671936753
5 0.47126948775055677 0.5898418972332016 0.027171492204899752 0.028695652173913008
5 0.5120267260579064 0.5926086956521739 0.015144766146993343 0.042134387351778754
5 0.5564587973273942 0.5920158102766798 0.0260579064587973 0.03699604743083009