2 0.026169265033407572 0.5856916996047431 0.052338530066815145 0.07177865612648231
2 0.19755011135857461 0.5740316205533597 0.06325167037861916 0.0603162055335968
2 0.24053452115812918 0.5700790513833992 0.028953229398663696 0.03658102766798417
2 0.27416481069042314 0.5750197628458498 0.02939866369710465 0.04250988142292488
2 0.305011135857461 0.5609881422924902 0.02650334075723826 0.026304347826086847
2 0.33129175946547884 0.5714624505928855 0.025612472160356347 0.027490118577075034
2 0.4298440979955457 0.5787747035573123 0.060133630289532294 0.038162055335968274
2 0.5387527839643653 0.7724901185770751 0.23786191536748333 0.378201581027668
2 0.6301781737193763 0.6084189723320158 0.04432071269487745 0.07375494071146255
2 0.698663697104677 0.6766205533596839 0.1300668151447661 0.1745849802371542
2 0.7583518930957683 0.5898418972332016 0.07126948775055679 0.04450592885375491
2 0.9576837416481069 0.6056521739130435 0.08463251670378619 0.0603162055335968
2 0.8669265033407573 0.7950395256916997 0.2661469933184855 0.3521146245059288
6 0.7453229398663697 0.8147826086956521 0.029621380846325065 0.10703557312252958
6 0.8320712694877506 0.898201581027668 0.044988864142539074 0.171086956521739
3 0.1870824053452116 0.7137747035573123 0.0467706013363029 0.15403162055335956
3 0.3160356347438753 0.6651581027667984 0.03296213808463254 0.11211462450592889
3 0.3828507795100223 0.642806324110672 0.024053452115812942 0.08721343873517785
3 0.4188195991091314 0.6273913043478261 0.01804008908685974 0.06426877470355728
3 0.44008908685968817 0.6137549407114624 0.01826280623608015 0.056758893280632466
0 0.42327394209354124 0.5147233201581027 0.06258351893095773 0.06820158102766796
5 0.4481069042316258 0.47282608695652173 0.025389755011135808 0.031818181818181863
5 0.48830734966592426 0.4742094861660079 0.02338530066815145 0.038537549407114624
5 0.5374164810690424 0.47480237154150196 0.02138084632516709 0.04367588932806329