2 0.08652561247216035 0.6339130434782608 0.07505567928730512 0.057549407114624515
2 0.16792873051224946 0.6228458498023716 0.05300668151447662 0.05122529644268767
2 0.278619153674833 0.6277865612648221 0.03830734966592425 0.041343873517786484
1 0.3288418708240535 0.6072332015810277 0.025167037861915393 0.04766798418972333
1 0.36358574610244987 0.6038735177865613 0.04120267260579064 0.07652173913043483
3 0.02951002227171492 0.8707509881422926 0.05902004454342984 0.2584980237154149
3 0.28218262806236083 0.7570553359683795 0.045434298440979966 0.13389328063241107
3 0.3846325167037862 0.7117984189723321 0.027616926503340706 0.09474308300395246
3 0.4032293986636971 0.6696837944664031 0.01358574610244994 0.04610671936758901
3 0.4345211581291759 0.6920355731225297 0.020489977728285053 0.07100790513833982
3 0.46347438752783965 0.6734584980237154 0.016035634743875253 0.0575691699604743
3 0.47817371937639197 0.6679051383399209 0.009799554565701508 0.046501976284584925
2 0.5482182628062361 0.728596837944664 0.1298440979955457 0.20345849802371552
2 0.6111358574610245 0.6542687747035573 0.03964365256124711 0.07061264822134392
2 0.6736080178173719 0.6987549407114625 0.09999999999999995 0.1239920948616601
2 0.970489977728285 0.9221343873517787 0.05902004454342984 0.1557312252964426
6 0.9564587973273941 0.9636363636363637 0.024276169265033357 0.07272727272727264
0 0.439086859688196 0.5621739130434782 0.0808463251670379 0.08403162055335965
5 0.4719376391982183 0.5157114624505929 0.024053452115812942 0.050415019762845834
5 0.5185968819599109 0.5157114624505929 0.021603563474387504 0.050415019762845834
5 0.5691536748329622 0.5184782608695653 0.02026726057906464 0.06385375494071141