3 0.2514476614699332 0.796403162055336 0.04632516703786194 0.13747035573122518
3 0.35033407572383074 0.7621936758893281 0.030289532293986687 0.08883399209486174
3 0.4066815144766147 0.744802371541502 0.02271714922048995 0.06984189723320164
3 0.4391982182628062 0.7282015810276681 0.016481069042316207 0.05245059288537542
2 0.5383073496659243 0.8230830039525692 0.18351893095768368 0.27385375494071135
6 0.7298440979955456 0.8942292490118577 0.023162583518930906 0.09994071146245069
6 0.788195991091314 0.939703557312253 0.032962138084632414 0.10389328063241117
2 0.8624721603563474 0.8495849802371541 0.2750556792873051 0.2714822134387352
2 0.9587973273942093 0.720098814229249 0.08240534521158129 0.07181818181818188
2 0.6951002227171492 0.7667391304347827 0.11403118040089097 0.11768774703557303
2 0.6317371937639198 0.7202964426877471 0.051893095768374066 0.06826086956521732
2 0.39265033407572386 0.6900592885375494 0.06146993318485528 0.0433399209486165
2 0.19766146993318487 0.6878853754940711 0.043429844097995544 0.035039525691699644
2 0.1712694877505568 0.6734387351778656 0.028507795100222742 0.041758893280632405