2 0.10879732739420936 0.5677075098814229 0.06614699331848553 0.06347826086956522
2 0.1769487750556793 0.5639525691699605 0.04209354120267262 0.05199604743082993
2 0.25913140311804006 0.5605928853754941 0.041648106904231603 0.04922924901185764
1 0.3066815144766147 0.5465612648221344 0.032071269487750506 0.04883399209486173
2 0.33062360801781737 0.5617786561264821 0.019821826280623556 0.027885375494071173
1 0.37394209354120267 0.5404347826086956 0.03296213808463254 0.0642490118577075
2 0.5271714922048998 0.7066798418972332 0.1790645879732739 0.28211462450592883
2 0.6106904231625835 0.6024901185770751 0.056570155902004406 0.10142292490118587
2 0.7520044543429844 0.6922332015810276 0.18552338530066806 0.20976284584980234
6 0.6935412026726058 0.752905138339921 0.026280623608017716 0.09792490118577066
2 0.9587973273942093 0.6032806324110672 0.08240534521158129 0.07138339920948618
3 0.17383073496659243 0.7137747035573123 0.05367483296213807 0.16986166007905149
3 0.3138084632516704 0.6544861660079052 0.03741648106904234 0.09867588932806315
3 0.38385300668151445 0.6305533596837944 0.023830734966592403 0.0864229249011858
3 0.4237193763919822 0.6210671936758894 0.01893095768374165 0.0674308300395257
3 0.443652561247216 0.6066403162055336 0.016481069042316207 0.058339920948616564
3 0.45679287305122496 0.5993280632411067 0.011581291759465453 0.04766798418972333
5 0.4485523385300668 0.4609683794466403 0.026280623608017844 0.039723320158102815
5 0.49320712694877505 0.45800395256917 0.024276169265033357 0.04565217391304352
5 0.5417594654788419 0.45958498023715416 0.02338530066815145 0.04881422924901183