2 0.021714922048997772 0.6762252964426878 0.043429844097995544 0.055197628458497926
3 0.08574610244988864 0.8580632411067194 0.062360801781737196 0.19756916996047436
3 0.31247216035634745 0.7726679841897234 0.03474387527839649 0.10583003952569162
3 0.3850779510022272 0.7511264822134387 0.028507795100222742 0.08249011857707511
3 0.42761692650334077 0.7313636363636363 0.0200445434298441 0.07458498023715417
3 0.45456570155902004 0.7234584980237154 0.016035634743875253 0.05877470355731227
2 0.5376391982182628 0.7926482213438735 0.14209354120267262 0.2050592885375494
6 0.7183741648106905 0.8835573122529644 0.02472160356347444 0.10231225296442684
6 0.7734966592427617 0.9290316205533596 0.030289532293986687 0.10626482213438732
2 0.8456570155902005 0.8442490118577075 0.2636971046770601 0.25685770750988146
2 0.943652561247216 0.7202964426877471 0.1033407572383073 0.06826086956521732
2 0.6809576837416481 0.7602173913043478 0.10133630289532294 0.12440711462450602
2 0.6178173719376392 0.7169367588932806 0.044097995545656916 0.06549407114624503
0 0.4542316258351893 0.6309486166007905 0.06659242761692645 0.06347826086956522
2 0.16202672605790647 0.6902569169960474 0.061247216035634745 0.05559288537549406
5 0.47238307349665926 0.5914229249011858 0.016035634743875253 0.031857707509881435
5 0.5126948775055679 0.5920158102766798 0.020935412026726007 0.03699604743083009
5 0.5586859688195991 0.5902371541501977 0.021603563474387504 0.037391304347826004
2 0.3596881959910913 0.686304347826087 0.031180400890868598 0.03187747035573121