6 0.7488864142538976 0.8078656126482213 0.02783964365256125 0.13667984189723315
6 0.837305122494432 0.9066996047430831 0.039866369710467656 0.16041501976284578
2 0.8747216035634744 0.7740711462450593 0.2505567928730512 0.3339328063241107
2 0.9632516703786191 0.6100000000000001 0.07349665924276169 0.06110671936758885
2 0.765478841870824 0.5874703557312253 0.06592427616926508 0.03976284584980238
2 0.7073496659242762 0.6756324110671937 0.13407572383073507 0.16075098814229255
2 0.6367483296213808 0.610197628458498 0.038307349665924376 0.057549407114624515
2 0.5351893095768374 0.7641897233201581 0.23964365256124726 0.369505928853755
2 0.042093541202672606 0.5866798418972332 0.06948775055679288 0.06980237154150208
2 0.2086859688195991 0.5714624505928855 0.04988864142538977 0.05913043478260861
2 0.24821826280623607 0.5712648221343873 0.02427616926503342 0.031047430830039597
2 0.2844097995545657 0.5777865612648222 0.03207126948775057 0.04013833992094851
2 0.3378619153674833 0.5756126482213438 0.023162583518930906 0.03183794466403165
2 0.42538975501113585 0.5829249011857707 0.06904231625835189 0.04252964426877467
3 0.18875278396436526 0.720098814229249 0.043429844097995544 0.16669960474308304
3 0.3187082405345211 0.6681225296442688 0.02939866369710465 0.10618577075098817
3 0.38385300668151445 0.6410276679841898 0.023830734966592403 0.07179841897233209
3 0.42138084632516704 0.6309486166007905 0.016481069042316207 0.06347826086956522
3 0.4417594654788419 0.6153359683794467 0.014922048997772804 0.044110671936758994
0 0.42316258351893093 0.5163043478260869 0.0645879732739421 0.07136363636363639
5 0.44665924276169267 0.47440711462450597 0.01581291759465484 0.034980237154150176
5 0.4888641425389755 0.47341897233201585 0.022271714922048998 0.036956521739130416
5 0.5391982182628062 0.47440711462450597 0.016035634743875253 0.034980237154150176