2 0.1467706013363029 0.5801581027667985 0.059688195991091327 0.06071146245059294
2 0.21247216035634744 0.5803557312252965 0.05300668151447664 0.041343873517786484
1 0.3079064587973274 0.5536758893280633 0.02783964365256125 0.04725296442687741
2 0.35467706013363026 0.5643478260869565 0.02338530066815145 0.02907114624505936
2 0.5433184855233852 0.7667588932806324 0.24476614699331845 0.37069169960474296
2 0.662694877505568 0.637490118577075 0.08262806236080183 0.12001976284584984
2 0.8149220489977728 0.7497628458498024 0.2467706013363028 0.2813438735177866
2 0.9565701559020044 0.6224505928853754 0.08463251670378619 0.07415019762845847
2 0.7548997772828507 0.5886561264822134 0.07995545657015585 0.050039525691699706
3 0.19142538975501114 0.7171343873517787 0.04877505567928732 0.17262845849802377
3 0.31915367483296214 0.661403162055336 0.030289532293986687 0.10065217391304337
3 0.3857461024498886 0.6378656126482213 0.025389755011135808 0.08128458498023715
3 0.4214922048997773 0.6222529644268775 0.014476614699331848 0.06189723320158113
3 0.4422048997772829 0.6115810276679842 0.01581291759465484 0.04845849802371538
0 0.42739420935412026 0.5129446640316205 0.06859688195991094 0.06859683794466405
5 0.4497772828507795 0.47025691699604744 0.022048997772828458 0.030632411067193676
5 0.4925389755011136 0.4698616600790514 0.02739420935412029 0.037747035573122575
5 0.5398663697104678 0.46926877470355727 0.021826280623608044 0.03260869565217391