2 0.04799554565701559 0.5726482213438735 0.077728285077951 0.08521739130434783
2 0.17884187082405345 0.5554545454545454 0.043652561247216025 0.0468577075098815
2 0.2334075723830735 0.5592094861660079 0.04142538975501112 0.04250988142292488
1 0.31336302895322937 0.5404150197628458 0.027616926503340706 0.048438735177865594
2 0.3248329621380846 0.5582213438735177 0.0260579064587973 0.028675889328063222
1 0.3730512249443207 0.5348814229249012 0.031180400890868598 0.05318181818181812
2 0.534075723830735 0.6880830039525692 0.1616926503340758 0.25286561264822144
2 0.6096881959910914 0.5993280632411067 0.04788418708240535 0.07928853754940712
2 0.7174832962138085 0.6578458498023716 0.14766146993318474 0.18051383399209492
2 0.9682628062360802 0.6068379446640316 0.06347438752783964 0.07059288537549413
3 0.16514476614699333 0.7155533596837944 0.058574610244988876 0.16946640316205533
3 0.3160356347438753 0.6594268774703558 0.03296213808463254 0.12041501976284576
3 0.38819599109131403 0.6281818181818182 0.025835189309576886 0.08167984189723328
3 0.4275055679287305 0.6111857707509881 0.022048997772828458 0.07138339920948618
3 0.4463251670378619 0.5993280632411067 0.012917594654788443 0.04766798418972333
3 0.46124721603563473 0.5906324110671937 0.011581291759465453 0.04608695652173923
0 0.43062360801781735 0.5028656126482213 0.0639198218262806 0.07610671936758892
5 0.45311804008908685 0.45701581027667987 0.024276169265033357 0.04762845849802376
5 0.49955456570155904 0.4562252964426877 0.025835189309576886 0.06185770750988145
5 0.548663697104677 0.4550395256916996 0.023830734966592403 0.05158102766798423