3 0.022828507795100223 0.8924901185770752 0.045657015590200446 0.2150197628458497
3 0.29543429844097996 0.7906719367588932 0.038530066815144794 0.11413043478260869
3 0.3737193763919822 0.7655533596837945 0.02806236080178179 0.09160079051383403
6 0.7201559020044543 0.8926482213438736 0.01937639198218273 0.09677865612648227
6 0.7730512249443208 0.9404940711462451 0.02939866369710478 0.10547430830039527
2 0.8559020044543431 0.8608695652173913 0.25746102449888647 0.2782608695652173
2 0.9521158129175946 0.7363043478260869 0.0957683741648107 0.06470355731225298
2 0.6866369710467706 0.7732806324110671 0.09710467706013368 0.14258893280632406
2 0.6279510022271715 0.7266205533596838 0.048775055679287256 0.06509881422924889
2 0.5413140311804009 0.8135968379446641 0.15612472160356353 0.25488142292490124
2 0.06726057906458797 0.7092292490118577 0.08596881959910914 0.0777470355731226
2 0.36770601336302894 0.6942094861660079 0.04721603563474385 0.047687747035573116
2 0.47060133630289536 0.6904545454545454 0.039198218262806284 0.03622529644268783
2 0.2961024498886414 0.6930237154150198 0.03541202672605789 0.03741106719367579
5 0.46926503340757236 0.5959683794466403 0.027616926503340706 0.029090909090909146
5 0.5142538975501114 0.5965612648221345 0.028507795100222742 0.03422924901185781
5 0.5650334075723831 0.5953754940711462 0.032071269487750506 0.023952569169960483
3 0.42338530066815144 0.7495454545454545 0.024944320712694854 0.0793280632411067
3 0.4516703786191537 0.7392687747035573 0.01469933184855239 0.05877470355731227