2 0.15534521158129175 0.568695652173913 0.07461024498886415 0.07731225296442688
2 0.21570155902004454 0.5702766798418972 0.0305122494432071 0.04883399209486173
2 0.25824053452115814 0.5722529644268775 0.03986636971046772 0.04488142292490126
2 0.3002227171492205 0.559604743083004 0.023608017817371988 0.035395256916995986
2 0.32004454342984406 0.575810276679842 0.032071269487750506 0.044090909090908986
2 0.43518930957683744 0.576403162055336 0.05300668151447664 0.033418972332015746
2 0.5356347438752784 0.7661660079051383 0.24053452115812918 0.36555335968379454
2 0.6902004454342984 0.6627865612648222 0.1220489977728284 0.17063241106719373
2 0.8646993318485523 0.781185770750988 0.27060133630289535 0.3481620553359683
2 0.9587973273942093 0.610395256916996 0.08240534521158129 0.06980237154150208
6 0.738195991091314 0.8017391304347826 0.03318485523385296 0.13628458498023724
6 0.8244988864142538 0.8883201581027668 0.056570155902004406 0.17503952569169948
3 0.18507795100222715 0.711600790513834 0.05612472160356345 0.1615415019762846
3 0.3152561247216036 0.6647628458498024 0.03808463251670384 0.10341897233201588
3 0.38173719376391985 0.6396442687747036 0.026280623608017844 0.080889328063241
3 0.41971046770601333 0.626403162055336 0.019821826280623556 0.06624505928853751
3 0.4398663697104677 0.6145454545454545 0.022271714922048998 0.058339920948616564
5 0.44610244988864145 0.47144268774703557 0.025835189309576886 0.04090909090909089
5 0.49142538975501115 0.47124505928853755 0.020712694877505593 0.044466403162055336
5 0.538641425389755 0.47144268774703557 0.0260579064587973 0.04090909090909089