2 0.2044543429844098 0.5631620553359683 0.036971046770601326 0.050415019762845834
2 0.1616926503340757 0.5613833992094862 0.02271714922048995 0.03500000000000007
2 0.29265033407572383 0.5669169960474308 0.026280623608017844 0.030256916996047323
2 0.30579064587973276 0.5449802371541502 0.030289532293986687 0.045671936758893306
2 0.34376391982182625 0.5582213438735177 0.023830734966592403 0.028675889328063222
1 0.38006681514476615 0.5408300395256918 0.020712694877505593 0.057134387351778594
2 0.5331848552338531 0.7384980237154151 0.21336302895322942 0.32600790513834
2 0.63184855233853 0.6143478260869566 0.06770601336302891 0.1093478260869566
2 0.8524498886414253 0.7608300395256917 0.2951002227171492 0.3350988142292489
6 0.7212694877505569 0.7934387351778657 0.03496659242761703 0.1275691699604742
6 0.7913140311804009 0.8647826086956522 0.039198218262806284 0.15567193675889324
2 0.9716035634743875 0.5991304347826087 0.05679287305122494 0.05122529644268767
3 0.1866369710467706 0.7044861660079051 0.04587973273942092 0.1631225296442687
3 0.3174832962138085 0.6556719367588932 0.033630289532294036 0.10895256916996046
3 0.38329621380846324 0.6301581027667984 0.024944320712694854 0.07772727272727281
3 0.4206013363028953 0.617707509881423 0.021603563474387504 0.06466403162055341
3 0.439977728285078 0.6028853754940712 0.02026726057906464 0.04687747035573128
3 0.4532293986636971 0.5995256916996048 0.013363028953229399 0.044110671936758994
0 0.4244988864142539 0.5048418972332016 0.06726057906458795 0.07215415019762844
5 0.44699331848552337 0.46294466403162055 0.01870824053452111 0.035770750988142336
5 0.4903118040089087 0.4627470355731225 0.022939866369710495 0.03932806324110667
5 0.5383073496659243 0.4633399209486166 0.023162583518930906 0.044466403162055336