2 0.08207126948775056 0.576403162055336 0.07505567928730512 0.06505928853754933
2 0.17928730512249444 0.5688932806324111 0.044543429844097995 0.04211462450592875
1 0.3065701559020045 0.5511067193675889 0.025167037861915393 0.04606719367588922
2 0.3353006681514477 0.5653359683794467 0.02472160356347444 0.027094861660079125
2 0.5423162583518931 0.7701185770750988 0.22717149220489977 0.3576482213438736
2 0.6406458797327393 0.6254150197628459 0.06080178173719366 0.09986166007905133
2 0.7748329621380846 0.7131818181818181 0.1933184855233852 0.2279644268774704
6 0.6726057906458798 0.7301778656126483 0.0200445434298441 0.08011857707509874
6 0.7106904231625836 0.7744466403162056 0.020489977728285178 0.0896245059288538
2 0.7547884187082405 0.5821343873517787 0.08195991091314021 0.04094861660079057
2 0.955456570155902 0.6186956521739131 0.08908685968819599 0.07849802371541507
3 0.18730512249443207 0.7112055335968379 0.05167037861915365 0.1528458498023716
3 0.3201559020044543 0.6602173913043479 0.030066815144766147 0.10618577075098817
3 0.384521158129176 0.6388537549407114 0.020712694877505593 0.07930830039525691
3 0.42160356347438754 0.6238339920948617 0.01247216035634749 0.06505928853754933
3 0.44265033407572385 0.6115810276679842 0.01670378619153675 0.04845849802371538
5 0.4448775055679287 0.46808300395256913 0.021158129175946547 0.0381422924901186
5 0.49075723830734963 0.4688735177865613 0.023830734966592403 0.039723320158102815
5 0.539977728285078 0.47045454545454546 0.019821826280623556 0.04288537549407112