2 0.11291759465478843 0.677806324110672 0.06325167037861916 0.05835968379446635
2 0.21035634743875278 0.6803754940711462 0.05545657015590202 0.05954545454545453
1 0.33797327394209353 0.6479446640316205 0.05679287305122494 0.08958498023715424
2 0.5478841870824054 0.7558893280632412 0.11804008908685969 0.18685770750988134
2 0.6076837416481069 0.6928260869565217 0.03942093541202683 0.05677865612648225
2 0.6629175946547884 0.7309683794466403 0.08752783964365246 0.11332015810276685
4 0.7665924276169265 0.7266205533596838 0.0922048997772828 0.033478260869565325
2 0.9142538975501113 0.8727272727272728 0.1714922048997773 0.25454545454545446
6 0.833630289532294 0.9193478260869565 0.03474387527839649 0.10666007905138346
6 0.9238307349665924 0.9685770750988143 0.041425389755011185 0.06284584980237146
3 0.20679287305122493 0.847193675889328 0.0661469933184855 0.17187747035573128
3 0.35456570155902 0.7851383399209486 0.03429844097995541 0.11887351778656122
3 0.38953229398663697 0.7202964426877471 0.019599109131403142 0.06826086956521732
3 0.4230512249443207 0.7519169960474309 0.030957683741648055 0.06826086956521732
3 0.4557906458797327 0.7252371541501976 0.020712694877505593 0.058379446640316135
3 0.4757238307349666 0.7204940711462451 0.01826280623608015 0.048893280632411086
0 0.43630289532293987 0.6001185770750989 0.07750556792873053 0.08086956521739122
5 0.4698218262806236 0.5558498023715415 0.02650334075723826 0.039743083003952594
5 0.5169265033407572 0.5580237154150198 0.033853006681514454 0.04804347826086946
5 0.5732739420935411 0.5598023715415019 0.026280623608017778 0.047648221343873545