6 0.7262806236080178 0.8811857707509881 0.02494432071269498 0.09756916996047432
6 0.7820712694877505 0.9331818181818182 0.04521158129175937 0.1264426877470356
2 0.8552338530066815 0.8480237154150199 0.289532293986637 0.3039525691699604
2 0.9152561247216036 0.703102766798419 0.10668151447661466 0.06154150197628456
2 0.6769487750556793 0.752707509881423 0.10222717149220485 0.14891304347826093
2 0.6160356347438753 0.7088339920948616 0.04944320712694888 0.06905138339920937
2 0.5367483296213809 0.7578656126482214 0.11358574610244988 0.18290513833992086
2 0.10968819599109131 0.6679249011857709 0.07683741648106904 0.06231225296442682
3 0.188641425389755 0.8064822134387352 0.045434298440979966 0.16158102766798418
3 0.3425389755011136 0.7471739130434782 0.03697104677060139 0.09039525691699607
3 0.39944320712694875 0.7311660079051384 0.028285077951002203 0.0781422924901185
3 0.4354120267260579 0.7149604743083003 0.022271714922048998 0.05363636363636361
3 0.45946547884187083 0.7072529644268775 0.01692650334075729 0.05007905138339927
0 0.4605790645879733 0.6230434782608696 0.059242761692650386 0.06347826086956522
5 0.4732739420935412 0.5827272727272728 0.026726057906458798 0.030256916996047323
5 0.5124721603563475 0.5809486166007904 0.016035634743875253 0.03065217391304346
5 0.555011135857461 0.5781818181818182 0.025389755011135808 0.03302371541501983
2 0.23463251670378618 0.6708695652173913 0.0371937639198218 0.040573122529644214
2 0.2875278396436525 0.6704743083003952 0.02939866369710465 0.047687747035573116