2 0.021158129175946547 0.5799604743083003 0.042316258351893093 0.08007905138339917
2 0.18285077951002227 0.5700790513833992 0.06057906458797325 0.052391304347826066
2 0.23285077951002225 0.5708695652173913 0.033630289532293973 0.038162055335968274
2 0.27015590200445433 0.5738339920948616 0.030289532293986624 0.03223320158102756
2 0.32783964365256124 0.5746245059288537 0.025389755011135808 0.03381422924901188
2 0.5384187082405345 0.7693478260869565 0.23496659242761692 0.387687747035573
2 0.8685968819599109 0.7954347826086957 0.26280623608017817 0.3608102766798418
2 0.7001113585746103 0.6677272727272727 0.13073496659242773 0.16075098814229255
6 0.7428730512249443 0.8072727272727274 0.02917594654788424 0.11573122529644259
6 0.8247216035634745 0.8920750988142292 0.04365256124721609 0.1548814229249012
2 0.9521158129175946 0.6096047430830039 0.0957683741648107 0.05241106719367585
2 0.7595768374164811 0.5906324110671937 0.07594654788418713 0.04608695652173923
3 0.18741648106904232 0.7137747035573123 0.04966592427616929 0.15403162055335956
3 0.3170378619153675 0.6663438735177866 0.032739420935412 0.1065810276679841
3 0.384521158129176 0.6404347826086957 0.020712694877505593 0.08247035573122533
3 0.42026726057906455 0.6242292490118577 0.009799554565701508 0.05794466403162065
3 0.4403118040089087 0.6159288537549408 0.014253897550111309 0.04924901185770743
5 0.44610244988864145 0.47223320158102766 0.025835189309576886 0.042490118577075096
5 0.48942093541202675 0.4732213438735178 0.021158129175946547 0.040513833992094864
5 0.5396436525612472 0.47401185770750986 0.01692650334075729 0.04209486166007907