6 0.721380846325167 0.888893280632411 0.024053452115812817 0.10112648221343866
6 0.7731625835189309 0.9393083003952569 0.03630289532293977 0.11100790513833984
2 0.9498886414253898 0.7321541501976285 0.10022271714922049 0.06035573122529637
2 0.8462138084632517 0.8608695652173913 0.2714922048997772 0.2782608695652173
2 0.6887527839643652 0.7693280632411067 0.10356347438752785 0.1346837944664031
2 0.6267260579064587 0.7315612648221345 0.044097995545656916 0.07102766798418961
2 0.5410913140311804 0.8106324110671936 0.15122494432071265 0.24500000000000005
2 0.08407572383073497 0.7062648221343873 0.09242761692650334 0.06786561264822141
3 0.027282850779510023 0.8905138339920949 0.05456570155902005 0.21897233201581018
3 0.29743875278396437 0.7938339920948617 0.046993318485523405 0.12045454545454555
3 0.3752783964365256 0.7621936758893281 0.026726057906458798 0.08883399209486174
3 0.4236080178173719 0.7416403162055336 0.020935412026726007 0.0793280632411067
3 0.45334075723830736 0.7329446640316205 0.02026726057906464 0.061936758893280694
5 0.471826280623608 0.5959683794466403 0.017149220489977704 0.029090909090909146
5 0.5130289532293987 0.5977470355731225 0.023830734966592403 0.028695652173913008
5 0.5582405345211582 0.5953754940711462 0.020712694877505593 0.023952569169960483