6 0.7520044543429844 0.8513438735177865 0.034075723830734865 0.1287747035573122
6 0.8478841870824053 0.9300395256916997 0.0365256124721603 0.1399209486166007
2 0.8769487750556793 0.8213438735177866 0.24610244988864144 0.3573122529644268
2 0.9626948775055679 0.6388537549407114 0.07461024498886415 0.063498023715415
2 0.8044543429844098 0.6159288537549408 0.0788418708240534 0.04924901185770743
2 0.7126948775055679 0.7131818181818181 0.1358574610244989 0.1963438735177866
2 0.634966592427617 0.6398418972332016 0.05612472160356358 0.07733201581027667
2 0.5347438752783964 0.7813833992094862 0.22984409799554564 0.36041501976284585
2 0.18329621380846325 0.6024901185770751 0.043652561247216025 0.03818181818181828
2 0.2779510022271715 0.600909090909091 0.04142538975501112 0.050830039525691754
2 0.3042316258351893 0.5969565217391304 0.013808463251670353 0.027114624505928907
2 0.32316258351893096 0.6022924901185771 0.020489977728285053 0.02592885375494072
2 0.36247216035634744 0.5955731225296443 0.01670378619153675 0.020395256916996146
2 0.4030066815144766 0.6082213438735178 0.06213808463251665 0.04569169960474309
3 0.199554565701559 0.7390711462450593 0.04498886414253895 0.15721343873517776
3 0.3224944320712695 0.6884782608695652 0.032516703786191585 0.10343873517786567
3 0.38596881959910917 0.670098814229249 0.02138084632516709 0.0864229249011858
3 0.42071269487750557 0.652292490118577 0.019599109131403142 0.058754940711462485
3 0.44409799554565704 0.6386561264822135 0.017371937639198243 0.05122529644268767
0 0.4247216035634744 0.5445849802371542 0.0721603563474387 0.0685968379446641
5 0.44699331848552337 0.5030632411067194 0.01870824053452111 0.040909090909090944
5 0.4880846325167038 0.5012845849802372 0.02739420935412029 0.04130434782608697
5 0.5380846325167038 0.5028656126482213 0.01826280623608015 0.044466403162055336