3 0.29654788418708244 0.7501383399209486 0.03630289532293989 0.10029644268774704
3 0.38585746102449886 0.7161462450592886 0.02338530066815145 0.07972332015810282
3 0.42271714922049003 0.7013241106719368 0.019153674832962188 0.061936758893280694
2 0.876391982182628 0.8470355731225296 0.24721603563474387 0.3059288537549406
6 0.7596881959910914 0.9094664031620553 0.02939866369710478 0.1264229249011858
6 0.8433184855233853 0.957707509881423 0.03853006681514466 0.08458498023715406
2 0.12338530066815144 0.6651581027667984 0.0708240534521158 0.0646837944664032
2 0.666369710467706 0.736106719367589 0.087750556792873 0.1315217391304347
2 0.5330734966592428 0.7183201581027668 0.0817371937639198 0.13545454545454538
2 0.19031180400890868 0.660197628458498 0.05100222717149222 0.058754940711462485
2 0.8688195991091314 0.6859090909090909 0.07839643652561257 0.038992094861660116
2 0.9660356347438753 0.6876877470355732 0.06570155902004454 0.07021739130434777
2 0.6060133630289533 0.6920355731225297 0.04276169265033418 0.07100790513833982
3 0.4525501113585746 0.6926086956521739 0.016692650334075736 0.04557312252964416