2 0.14498886414253898 0.5696837944664032 0.056124721603563466 0.059525691699604755
2 0.26837416481069043 0.5605928853754941 0.035634743875278395 0.04922924901185764
1 0.30579064587973276 0.5457707509881423 0.030289532293986687 0.04725296442687741
2 0.333630289532294 0.5592094861660079 0.019153674832962188 0.026699604743082986
1 0.3744988864142539 0.5424110671936758 0.022939866369710495 0.06029644268774702
2 0.5320712694877505 0.7145849802371541 0.18886414253897552 0.2979446640316205
2 0.7825167037861915 0.7072529644268775 0.2153674832962139 0.23982213438735184
6 0.7142538975501114 0.7685177865612648 0.027616926503340706 0.10148221343873522
6 0.6762806236080178 0.7297826086956521 0.016258351893095668 0.08723320158102764
2 0.6174832962138085 0.6072332015810277 0.05902004454342984 0.09509881422924903
2 0.955456570155902 0.60901185770751 0.08908685968819599 0.07889328063241098
3 0.17728285077951 0.7054743083003953 0.05389755011135855 0.16114624505928846
3 0.31414253897550115 0.6501383399209487 0.031403118040089134 0.09788537549407109
3 0.38318485523385304 0.6321343873517787 0.026948775055679337 0.08958498023715424
3 0.42071269487750557 0.6171146245059288 0.019599109131403142 0.059525691699604755
3 0.44042316258351893 0.6078260869565217 0.021158129175946547 0.052806324110671994
3 0.4542316258351893 0.5975494071146246 0.013140311804008858 0.048063241106719466
5 0.44677060133630286 0.46116600790513834 0.02271714922048995 0.03616600790513836
5 0.4904231625835189 0.46492094861660077 0.020935412026726007 0.04762845849802376
5 0.5410913140311804 0.4607707509881423 0.02650334075723826 0.04328063241106715