2 0.03518930957683742 0.6718774703557313 0.05211581291759465 0.05440711462450588
2 0.21113585746102448 0.6942094861660079 0.050334075723830723 0.047687747035573116
3 0.10356347438752785 0.8517391304347827 0.062360801781737196 0.18492094861660066
3 0.3183741648106904 0.7712845849802371 0.03541202672605786 0.09911067193675885
3 0.38641425389755013 0.7463833992094862 0.031180400890868598 0.07300395256916985
3 0.42728285077951 0.7313636363636363 0.0260579064587973 0.05877470355731227
3 0.4566815144766147 0.7216798418972332 0.01358574610244994 0.04335968379446651
3 0.4717149220489978 0.7133794466403163 0.010244988864142589 0.0346442687747035
2 0.5370824053452116 0.7831620553359683 0.13429844097995547 0.20189723320158096
6 0.7163697104677059 0.8847430830039525 0.025167037861915265 0.08094861660079058
6 0.7726057906458796 0.9365415019762846 0.028507795100222617 0.11337944664031621
2 0.8429844097995546 0.8444466403162055 0.2583518930957684 0.2691106719367588
2 0.939977728285078 0.7173320158102767 0.10712694877505573 0.058379446640316135
2 0.683184855233853 0.7592292490118577 0.09688195991091314 0.12638339920948627
2 0.6190423162583518 0.7181225296442688 0.048775055679287256 0.07577075098814236
5 0.47271714922048996 0.5866798418972332 0.01893095768374165 0.022351778656126375
5 0.5138084632516704 0.5892490118577075 0.01870824053452111 0.023557312252964344
5 0.5645879732739421 0.5878656126482213 0.031180400890868598 0.03264822134387348
2 0.2804008908685969 0.678201581027668 0.04187082405345214 0.05124505928853745
2 0.36046770601336303 0.6851185770750988 0.0260579064587973 0.03741106719367579