2 0.036191536748329624 0.5694861660079051 0.07238307349665925 0.09470355731225288
2 0.1938752783964365 0.5714624505928855 0.05812917594654787 0.05913043478260861
2 0.26180400890868594 0.5748221343873519 0.03808463251670377 0.04606719367588922
1 0.3062360801781737 0.5550592885375495 0.031180400890868598 0.05397233201581017
2 0.36414253897550114 0.5637549407114625 0.022271714922048998 0.023932806324110698
2 0.5395322939866369 0.764387351778656 0.24164810690423164 0.3659486166007904
2 0.6708240534521158 0.6465810276679842 0.1055679287305122 0.14610671936758884
2 0.7556792873051226 0.5819367588932806 0.08374164810690428 0.07612648221343869
2 0.8492204899777284 0.7574703557312252 0.2975501113585747 0.3007114624505928
2 0.9626948775055679 0.617905138339921 0.07461024498886415 0.07691699604743076
6 0.715478841870824 0.77800395256917 0.03229398663697105 0.10464426877470365
6 0.7761692650334076 0.8444268774703557 0.035634743875278395 0.14260869565217385
3 0.18730512249443207 0.7131818181818181 0.05167037861915365 0.16470355731225303
3 0.3203786191536748 0.662588932806324 0.0349665924276169 0.09511857707509881
3 0.3810690423162583 0.6378656126482213 0.02939866369710465 0.08128458498023715
3 0.42138084632516704 0.626205533596838 0.016481069042316207 0.06980237154150208
3 0.4403118040089087 0.6135573122529644 0.023162583518930906 0.0603162055335968
5 0.44777282850779515 0.46966403162055337 0.022494432071269537 0.05711462450592881
5 0.48942093541202675 0.47144268774703557 0.021158129175946547 0.056719367588932784
5 0.5398663697104678 0.4706521739130435 0.021826280623608044 0.05513833992094857