2 0.12216035634743876 0.6677272727272727 0.06614699331848553 0.06586956521739139
2 0.22305122494432073 0.6728656126482214 0.05857461024498889 0.05243083003952564
1 0.34320712694877503 0.6422134387351778 0.05167037861915365 0.0820750988142292
2 0.5472160356347439 0.7578656126482214 0.1211581291759465 0.18290513833992086
2 0.6101336302895323 0.6916403162055337 0.039866369710467656 0.06231225296442682
2 0.6646993318485523 0.7282015810276681 0.08218262806236075 0.11569169960474301
2 0.9187082405345212 0.8707509881422926 0.16258351893095768 0.2584980237154149
4 0.7681514476614699 0.7199011857707509 0.10868596881959901 0.04375494071146242
3 0.22082405345211584 0.8349407114624506 0.05412026726057909 0.1710671936758892
3 0.36091314031180405 0.7706916996047432 0.03585746102449894 0.10978260869565208
3 0.39365256124721604 0.7112055335968379 0.01670378619153675 0.05798418972332022
3 0.4243875278396437 0.7418379446640316 0.02472160356347444 0.07577075098814236
3 0.4599109131403118 0.7218774703557312 0.017817371937639197 0.05561264822134385
3 0.47583518930957686 0.712193675889328 0.016258351893095793 0.040197628458498086
5 0.4682628062360802 0.5511067193675889 0.02783964365256125 0.04606719367588922
5 0.5160356347438753 0.5503162055335968 0.032071269487750506 0.04448616600790512
5 0.5702672605790646 0.5511067193675889 0.026948775055679337 0.04606719367588922
6 0.8473273942093541 0.9244861660079052 0.028730512249443157 0.1090316205533596
6 0.9453229398663697 0.9675889328063242 0.037639198218262754 0.06482213438735168