6 0.724053452115813 0.8902766798418973 0.020489977728285178 0.10784584980237163
6 0.7779510022271715 0.9436561264822134 0.030289532293986687 0.1118181818181819
2 0.852783964365256 0.8608695652173913 0.2779510022271714 0.2782608695652173
2 0.9526726057906458 0.7337351778656126 0.09465478841870824 0.06351778656126479
2 0.6907572383073496 0.7841501976284584 0.11202672605790635 0.15247035573122525
2 0.6300668151447661 0.7372924901185771 0.05523385300668141 0.07853754940711465
2 0.5422048997772828 0.8262450592885375 0.16681514476614695 0.26436758893280626
2 0.04721603563474387 0.7064624505928855 0.06369710467706013 0.06430830039525684
3 0.28162583518930956 0.8035177865612648 0.05545657015590202 0.13588932806324108
3 0.3685968819599109 0.770296442687747 0.031180400890868598 0.08527667984189718
3 0.4188195991091314 0.7509288537549408 0.026948775055679337 0.07023715415019756
3 0.4487750556792873 0.7428260869565217 0.013363028953229399 0.05798418972332022
2 0.3779510022271715 0.6995454545454546 0.04988864142538971 0.046501976284584925
2 0.4714922048997773 0.695790513833992 0.032071269487750506 0.035039525691699644
2 0.2740534521158129 0.6993478260869566 0.04031180400890867 0.03424901185770759
5 0.4726057906458797 0.5985375494071147 0.029844097995545608 0.03027667984189733
5 0.5153674832962138 0.5977470355731225 0.026280623608017844 0.028695652173913008
5 0.5651447661469933 0.5989328063241107 0.03897550111358575 0.03897233201581033