2 0.031180400890868598 0.6576284584980236 0.062360801781737196 0.07337944664031619
2 0.14721603563474386 0.6465612648221344 0.06057906458797326 0.05124505928853745
2 0.2512249443207127 0.652094861660079 0.050334075723830723 0.046501976284584925
1 0.3210467706013363 0.626600790513834 0.014031180400890894 0.04687747035573128
1 0.35322939866369707 0.6277865612648221 0.04944320712694875 0.07296442687747028
2 0.5492204899777283 0.7402766798418972 0.12071269487750554 0.19911067193675888
2 0.6103563474387528 0.6714822134387352 0.03585746102449894 0.06152173913043477
2 0.6681514476614699 0.7127865612648222 0.09131403118040089 0.12438735177865601
2 0.9359688195991092 0.8806324110671937 0.12806236080178174 0.23873517786561255
6 0.8817371937639198 0.9478260869565218 0.032962138084632414 0.10434782608695643
4 0.761804008908686 0.7042885375494071 0.08040089086859693 0.024367588932806404
3 0.2512249443207127 0.7926482213438735 0.050334075723830723 0.1418181818181818
3 0.372271714922049 0.7408498023715415 0.03630289532293989 0.09355731225296449
3 0.40155902004454347 0.6928260869565217 0.01692650334075729 0.05677865612648225
3 0.4301781737193764 0.719703557312253 0.02739420935412029 0.07893280632411055
3 0.4584632516703786 0.7003359683794467 0.017149220489977704 0.04808300395256925
3 0.47683741648106903 0.6979644268774704 0.016035634743875253 0.0591501976284584