2 0.09855233853006681 0.577193675889328 0.06347438752783964 0.06664031620553365
2 0.1655902004454343 0.5750197628458498 0.06837416481069042 0.058339920948616564
1 0.3047884187082405 0.5544664031620553 0.0305122494432071 0.04883399209486173
2 0.34621380846325167 0.5623715415019763 0.024276169265033357 0.03302371541501983
2 0.539977728285078 0.7667588932806324 0.23363028953229392 0.37069169960474296
2 0.7966592427616926 0.7254545454545455 0.21915367483296208 0.26037549407114624
6 0.7325167037861915 0.7936363636363636 0.028507795100222617 0.10820158102766798
6 0.6893095768374164 0.7519169960474309 0.022271714922048998 0.0999011857707509
2 0.6483296213808464 0.6329249011857707 0.07394209354120278 0.12278656126482212
2 0.7595768374164811 0.5878656126482213 0.07594654788418713 0.04845849802371538
2 0.9576837416481069 0.610395256916996 0.08463251670378619 0.06980237154150208
3 0.18953229398663696 0.7092292490118577 0.04721603563474385 0.15679841897233207
3 0.31826280623608016 0.6578458498023716 0.028507795100222742 0.10144268774703566
3 0.3828507795100223 0.6335177865612648 0.024053452115812942 0.0804940711462451
3 0.4198218262806236 0.6214624505928853 0.017817371937639197 0.0603162055335968
3 0.4416481069042317 0.6088142292490119 0.01692650334075729 0.050830039525691754
0 0.4251670378619154 0.5101778656126482 0.06414253897550114 0.07096837944664025
5 0.44621380846325165 0.46729249011857704 0.023830734966592403 0.036561264822134384
5 0.48930957683741644 0.46946640316205535 0.023162583518930906 0.04486166007905136
5 0.5387527839643653 0.46926877470355727 0.024053452115812942 0.04841897233201581