6 0.8638084632516704 0.9586956521739131 0.03496659242761703 0.08260869565217382
2 0.9237193763919822 0.866798418972332 0.15256124721603564 0.2664031620553359
2 0.9222717149220491 0.6669367588932806 0.07839643652561257 0.08009881422924896
2 0.8420935412026727 0.6607905138339921 0.07839643652561257 0.04808300395256925
2 0.0955456570155902 0.6524901185770752 0.0908685968819599 0.07100790513833982
2 0.22906458797327392 0.643399209486166 0.0483296213808463 0.04492094861660083
3 0.3443207126948775 0.6999407114624506 0.02271714922048995 0.08683794466403151
3 0.40623608017817375 0.6785968379446641 0.021826280623608044 0.059940711462450676
3 0.43530066815144763 0.6744466403162055 0.015367483296213758 0.05559288537549406
3 0.4590200445434298 0.6667193675889328 0.016035634743875253 0.052035573122529724
2 0.47126948775055677 0.5914229249011858 0.04498886414253895 0.04766798418972333
2 0.6572383073496659 0.7147628458498024 0.09175946547884198 0.13624505928853745
2 0.6012249443207127 0.6699011857707511 0.039866369710467656 0.07416996047430825
2 0.5307349665924277 0.6772134387351779 0.06146993318485528 0.11648221343873506