2 0.17906458797327396 0.5635573122529645 0.039643652561247245 0.04330039525691693
2 0.266369710467706 0.5641501976284584 0.03608017817371935 0.048438735177865594
1 0.305456570155902 0.5491304347826087 0.02739420935412029 0.05001976284584969
2 0.3290645879732739 0.5637549407114625 0.021158129175946547 0.039743083003952594
2 0.36013363028953227 0.5603952569169961 0.023162583518930906 0.021166007905138413
2 0.5417594654788419 0.7588537549407115 0.22828507795100222 0.37069169960474296
2 0.6766146993318486 0.6428260869565217 0.09933184855233858 0.15045454545454545
2 0.955456570155902 0.610197628458498 0.08908685968819599 0.07335968379446642
2 0.9721603563474388 0.9053359683794466 0.0556792873051225 0.18932806324110663
2 0.6926503340757239 0.5732411067193676 0.051224944320712694 0.04290513833992102
3 0.18964365256124724 0.7052766798418972 0.04521158129175949 0.14889328063241114
3 0.31893095768374163 0.653300395256917 0.03429844097995541 0.10420948616600795
3 0.38474387527839643 0.6350988142292491 0.025612472160356347 0.09946640316205542
3 0.4206013363028953 0.6230434782608696 0.021603563474387504 0.06347826086956522
3 0.4422048997772829 0.6082213438735178 0.01581291759465484 0.06150197628458499
3 0.45512249443207126 0.5977470355731225 0.014922048997772804 0.04450592885375491
0 0.4244988864142539 0.5097826086956522 0.06726057906458795 0.07808300395256915
5 0.44788418708240535 0.4653162055335968 0.020489977728285053 0.040513833992094864
5 0.4913140311804009 0.4641304347826087 0.02271714922048995 0.04604743083003955
5 0.5397550111358574 0.4661067193675889 0.023830734966592403 0.04209486166007907