2 0.0655902004454343 0.6661462450592885 0.0688195991091314 0.06270750988142296
3 0.14443207126948773 0.8339525691699605 0.057238307349665916 0.17304347826086947
3 0.3309576837416481 0.7568577075098815 0.03162583518930955 0.10583003952569162
3 0.39164810690423163 0.7392687747035573 0.0260579064587973 0.07458498023715417
3 0.4318485523385301 0.7199011857707509 0.024053452115812942 0.05956521739130432
3 0.45801781737193764 0.7147628458498024 0.016258351893095793 0.04138339920948628
2 0.5378619153674833 0.7667588932806324 0.12026726057906459 0.1967588932806323
2 0.6797327394209354 0.752905138339921 0.0966592427616926 0.12954545454545446
6 0.7214922048997773 0.872292490118577 0.022048997772828458 0.09952569169960478
6 0.775501113585746 0.9323913043478261 0.029844097995545608 0.1090316205533596
2 0.8498886414253898 0.8511660079051383 0.2766146993318487 0.2746442687747036
2 0.9328507795100224 0.7139723320158102 0.10178173719376402 0.07142292490118575
2 0.6153674832962138 0.7151581027667985 0.05256124721603569 0.06588932806324117
5 0.4728285077951003 0.5858893280632411 0.025835189309576886 0.036600790513833956
5 0.5142538975501114 0.5839130434782608 0.019599109131403142 0.04055335968379443
5 0.5590200445434298 0.5858893280632411 0.024498886414253896 0.036600790513833956
2 0.20189309576837416 0.6799802371541502 0.038530066815144794 0.05084980237154154
2 0.2463251670378619 0.6811660079051384 0.03162583518930955 0.04531620553359674
2 0.35835189309576837 0.67899209486166 0.028507795100222742 0.03701581027667988