2 0.18040089086859687 0.5677075098814229 0.042316258351893093 0.047648221343873545
2 0.31358574610244994 0.5677075098814229 0.023608017817371988 0.03183794466403165
2 0.35289532293986636 0.5611857707509881 0.019821826280623556 0.02274703557312251
1 0.305456570155902 0.5526877470355732 0.02739420935412029 0.04922924901185764
2 0.5371937639198218 0.763596837944664 0.23028953229398658 0.3801778656126482
2 0.7292873051224944 0.6815612648221344 0.14899777282850774 0.19632411067193684
2 0.6197104677060133 0.6151383399209486 0.05456570155902005 0.09509881422924903
2 0.9548997772828508 0.6125691699604743 0.09020044543429843 0.07810276679841893
2 0.7487750556792873 0.5781818181818182 0.065478841870824 0.03302371541501983
3 0.1888641425389755 0.7129841897233201 0.050334075723830723 0.16826086956521735
3 0.31792873051224946 0.661798418972332 0.043429844097995544 0.1093478260869566
3 0.3835189309576837 0.6350988142292491 0.020935412026726007 0.08365612648221352
3 0.42193763919821825 0.6202766798418973 0.015367483296213758 0.0658498023715416
3 0.4416481069042317 0.6141501976284585 0.01692650334075729 0.06545454545454546
0 0.42171492204899774 0.5115612648221345 0.0728285077951002 0.07768774703557307
5 0.4474387527839644 0.46828063241106715 0.019599109131403142 0.03458498023715415
5 0.4910913140311804 0.46689723320158105 0.017817371937639197 0.04367588932806329
5 0.5383073496659243 0.46630434782608693 0.023162583518930906 0.038537549407114624
6 0.6760579064587974 0.7301778656126483 0.02026726057906464 0.09592885375494065