2 0.1779510022271715 0.5645454545454546 0.04187082405345214 0.0413241106719367
2 0.277728285077951 0.5671146245059289 0.02761692650334077 0.04250988142292488
1 0.30701559020044544 0.551897233201581 0.0260579064587973 0.047648221343873545
2 0.33452115812917593 0.5609881422924902 0.020935412026726007 0.026304347826086847
2 0.36158129175946546 0.5613833992094862 0.014922048997772804 0.019189723320158173
2 0.5378619153674833 0.755098814229249 0.22717149220489977 0.37503952569169957
2 0.6859688195991092 0.6499407114624506 0.1091314031180401 0.14887351778656135
2 0.9571269487750557 0.60901185770751 0.08574610244988864 0.06308300395256909
2 0.7096881959910912 0.576600790513834 0.05055679287305133 0.02986166007905141
3 0.18942093541202673 0.711600790513834 0.04922048997772827 0.1615415019762846
3 0.3202672605790646 0.661798418972332 0.03697104677060139 0.1093478260869566
3 0.38440979955456567 0.6335177865612648 0.02271714922048995 0.0804940711462451
3 0.42104677060133633 0.6181027667984189 0.01358574610244994 0.057549407114624515
3 0.4422048997772829 0.6088142292490119 0.01581291759465484 0.050830039525691754
3 0.45345211581291756 0.5981422924901186 0.009354120267260554 0.037391304347826004
0 0.4229398663697105 0.5089920948616601 0.06859688195991094 0.076501976284585
5 0.4452115812917595 0.4641304347826087 0.024053452115812942 0.03023715415019765
5 0.4904231625835189 0.4627470355731225 0.020935412026726007 0.03932806324110667
5 0.5394209354120267 0.467094861660079 0.020935412026726007 0.04011857707509884