2 0.041648106904231624 0.5740316205533597 0.07037861915367484 0.0919367588932806
2 0.17806236080178175 0.5499209486166008 0.03986636971046772 0.05160079051383402
2 0.22939866369710468 0.5572332015810276 0.042316258351893093 0.046462450592885354
2 0.3233853006681514 0.5598023715415019 0.025389755011135808 0.03183794466403165
1 0.3143652561247216 0.5378458498023715 0.02739420935412029 0.04725296442687741
1 0.37260579064587973 0.535296442687747 0.030289532293986687 0.06187747035573117
2 0.5356347438752784 0.6839328063241107 0.1514476614699332 0.24851778656126483
2 0.6081291759465479 0.593399209486166 0.049220489977728335 0.07533596837944664
2 0.7144766146993319 0.6509288537549407 0.14832962138084638 0.1785375494071147
2 0.9682628062360802 0.6032806324110672 0.06347438752783964 0.07138339920948618
3 0.16247216035634746 0.7165415019762845 0.053229398663697115 0.1674901185770751
3 0.31336302895322937 0.6515217391304348 0.0365256124721603 0.10460474308300385
3 0.3865256124721604 0.626403162055336 0.02917594654788424 0.0820750988142292
3 0.4266146993318486 0.6117786561264822 0.02026726057906464 0.06071146245059294
3 0.4501113585746102 0.5975494071146246 0.016035634743875253 0.048063241106719466
3 0.4641425389755011 0.5904347826086956 0.012917594654788443 0.049644268774703564
0 0.4318485523385301 0.4959486166007905 0.06859688195991094 0.07413043478260868
5 0.456347438752784 0.4506916996047431 0.019599109131403142 0.034980237154150176
5 0.5011135857461024 0.4536561264822135 0.024498886414253896 0.04486166007905136
5 0.5496659242761693 0.4560276679841897 0.023608017817371988 0.049604743083004