6 0.7307349665924276 0.8673517786561264 0.02494432071269498 0.12523715415019765
6 0.8091314031180401 0.9300395256916997 0.039198218262806284 0.1399209486166007
2 0.8658129175946548 0.8381422924901186 0.26837416481069043 0.32371541501976275
2 0.9548997772828508 0.6785968379446641 0.09020044543429843 0.059940711462450676
2 0.6982182628062361 0.7440118577075099 0.1291759465478842 0.1631422924901185
2 0.628619153674833 0.6813636363636363 0.06347438752783964 0.07337944664031619
2 0.5314031180400891 0.8057114624505929 0.20979955456570154 0.3339328063241107
2 0.0787305122494432 0.6483399209486166 0.06391982182628063 0.05084980237154154
2 0.255902004454343 0.6343083003952569 0.028507795100222742 0.034624505928853716
2 0.31358574610244994 0.6325296442687747 0.032516703786191585 0.03501976284584986
2 0.38697104677060135 0.6412252964426877 0.06570155902004454 0.05243083003952564
2 0.4546770601336303 0.6390513833992095 0.031848552338530095 0.028300395256917094
3 0.2178173719376392 0.7742687747035573 0.04587973273942092 0.15642292490118573
3 0.33028953229398667 0.7293873517786561 0.03474387527839649 0.11015810276679844
3 0.38997772828507793 0.7046837944664032 0.02939866369710465 0.08051383399209489
3 0.42193763919821825 0.6914426877470355 0.024276169265033357 0.05005928853754949
3 0.44387527839643653 0.6783992094861659 0.02138084632516709 0.047687747035573116
0 0.42683741648106904 0.5813438735177866 0.06971046770601338 0.07098814229249004
5 0.4488864142538976 0.5382411067193676 0.02026726057906464 0.02432806324110661
5 0.4917594654788419 0.5396245059288538 0.023608017817371988 0.031047430830039597
5 0.5370824053452116 0.5408102766798418 0.02739420935412029 0.0413241106719367