6 0.7216035634743875 0.8724901185770751 0.0200445434298441 0.1117786561264821
6 0.7748329621380846 0.9312055335968379 0.024053452115812817 0.1145652173913044
2 0.8476614699331849 0.8529446640316205 0.26325167037861924 0.27424901185770745
2 0.9267260579064589 0.7131818181818181 0.09621380846325177 0.05403162055335975
2 0.6793986636971047 0.7479644268774704 0.09376391982182633 0.12361660079051374
2 0.6184855233853006 0.7110079051383399 0.04097995545657011 0.07735177865612645
2 0.5409799554565702 0.7663636363636364 0.10868596881959913 0.1880434782608695
2 0.07717149220489977 0.6728656126482214 0.06525612472160355 0.05243083003952564
3 0.161358574610245 0.8169565217391305 0.04654788418708242 0.16276679841897235
3 0.3337416481069042 0.7538932806324111 0.0349665924276169 0.09594861660079042
3 0.39476614699331847 0.7349209486166008 0.02338530066815145 0.07379446640316212
3 0.4334075723830735 0.7210869565217392 0.02271714922048995 0.05403162055335975
3 0.45824053452115815 0.7143675889328064 0.012249443207126948 0.04849802371541495
3 0.47371937639198214 0.7070553359683794 0.009799554565701508 0.037806324110671925
0 0.4511135857461025 0.6238339920948617 0.06926503340757244 0.04924901185770743
5 0.4731625835189309 0.5827272727272728 0.019821826280623556 0.030256916996047323
5 0.5123608017817373 0.5835177865612649 0.01804008908685974 0.031857707509881435
5 0.5557906458797328 0.5827272727272728 0.02026726057906464 0.030256916996047323