6 0.7461024498886414 0.863794466403162 0.0334075723830735 0.1260079051383399
6 0.8279510022271714 0.9280434782608695 0.04788418708240535 0.13988142292490113
2 0.8680400890868597 0.8282608695652174 0.2639198218262806 0.3434782608695651
2 0.701781737193764 0.719505928853755 0.13630289532293996 0.1773715415019763
2 0.6287305122494432 0.6722727272727274 0.05256124721603569 0.09472332015810267
2 0.5331848552338531 0.7976086956521738 0.22227171492204903 0.353300395256917
2 0.04175946547884187 0.6309486166007905 0.08351893095768374 0.09511857707509881
2 0.22238307349665923 0.6238339920948617 0.0438752783964365 0.04924901185770743
2 0.2976614699331849 0.6218577075098815 0.04298440979955459 0.0532015810276679
2 0.39097995545657016 0.6333201581027668 0.07371937639198223 0.05241106719367585
3 0.20534521158129176 0.7572529644268775 0.04766146993318487 0.14614624505928864
3 0.3249443207126949 0.7135770750988142 0.03296213808463254 0.11015810276679844
3 0.3868596881959911 0.6932213438735177 0.023162583518930906 0.08130434782608693
3 0.42082405345211576 0.6740513833992094 0.017594654788418658 0.06270750988142296
3 0.44253897550111354 0.6605928853754941 0.01870824053452111 0.05164031620553359
5 0.4463251670378619 0.5234189723320158 0.021826280623608044 0.03816205533596833
5 0.488195991091314 0.5257905138339921 0.025389755011135808 0.04290513833992096
5 0.543207126948775 0.5249999999999999 0.03296213808463254 0.04132411067193675
2 0.9565701559020044 0.6578260869565218 0.08685968819599109 0.054011857707509964