2 0.04933184855233853 0.6509090909090909 0.08530066815144766 0.06784584980237163
2 0.1599109131403118 0.6408300395256917 0.05478841870824052 0.04371541501976285
2 0.2661469933184855 0.642806324110672 0.04899777282850779 0.03976284584980238
1 0.3269487750556793 0.6214624505928853 0.023608017817371988 0.04450592885375491
1 0.35835189309576837 0.6121739130434782 0.04632516703786194 0.06940711462450594
2 0.5498886414253897 0.7309683794466403 0.12650334075723832 0.19239130434782614
2 0.6118040089086859 0.660197628458498 0.0365256124721603 0.058754940711462485
2 0.6737193763919822 0.7027075098814229 0.09799554565701558 0.13189723320158103
2 0.9521158129175946 0.8806324110671937 0.0957683741648107 0.23873517786561255
6 0.9134743875278396 0.9537549407114625 0.03184855233852996 0.09249011857707501
4 0.762249443207127 0.6892687747035573 0.08129175946547884 0.041758893280632405
3 0.26893095768374164 0.7764426877470355 0.052338530066815145 0.14891304347826093
3 0.3779510022271715 0.7258300395256917 0.032071269487750506 0.09513833992094858
3 0.40100222717149225 0.6813636363636363 0.01804008908685974 0.0575691699604743
3 0.4319599109131403 0.7068577075098814 0.022048997772828458 0.07300395256916985
3 0.46258351893095767 0.6849209486166008 0.023162583518930906 0.05677865612648225
3 0.47951002227171496 0.6825494071146245 0.01247216035634749 0.052035573122529724
5 0.4710467706013363 0.5273715415019763 0.022271714922048998 0.046067193675889274
5 0.5193763919821826 0.5273715415019763 0.025389755011135808 0.046067193675889274
5 0.5690423162583519 0.5281620553359684 0.022271714922048998 0.047648221343873545