2 0.1099109131403118 0.584505928853755 0.07282850779510022 0.06150197628458499
2 0.2403118040089087 0.575810276679842 0.05077951002227174 0.05992094861660089
2 0.277728285077951 0.5789723320158102 0.01870824053452117 0.03460474308300394
2 0.30322939866369714 0.5819367588932806 0.022939866369710495 0.028675889328063222
2 0.35111358574610246 0.5773913043478262 0.025167037861915393 0.03144268774703551
2 0.4151447661469933 0.5823320158102767 0.06636971046770604 0.037391304347826004
6 0.7589086859688196 0.8363241106719368 0.043429844097995544 0.1303557312252965
6 0.8503340757238308 0.9211462450592885 0.05478841870824058 0.15770750988142285
2 0.8658129175946548 0.8094861660079051 0.26837416481069043 0.38102766798418963
2 0.9615812917594655 0.6127667984189723 0.07683741648106904 0.0587351778656127
2 0.7743875278396436 0.5961660079051384 0.06592427616926508 0.041343873517786484
2 0.7144766146993319 0.6839328063241107 0.14832962138084638 0.16944664031620554
2 0.6328507795100222 0.6167193675889329 0.058574610244988765 0.06664031620553365
2 0.5360801781737193 0.7764426877470355 0.24142538975501107 0.37029644268774703
3 0.1913140311804009 0.720889328063241 0.05077951002227174 0.15245059288537546
3 0.3195991091314031 0.6734584980237154 0.0400890868596882 0.105
3 0.3835189309576837 0.6475494071146246 0.029844097995545608 0.080889328063241
3 0.41870824053452116 0.634110671936759 0.0200445434298441 0.06982213438735185
3 0.4407572383073497 0.6234387351778655 0.015144766146993343 0.05636363636363633
5 0.44777282850779515 0.48033596837944664 0.022494432071269537 0.03893280632411065
5 0.4926503340757238 0.47855731225296444 0.025389755011135808 0.03932806324110667
5 0.5369710467706014 0.48053359683794467 0.02939866369710465 0.0353754940711462