2 0.17182628062360802 0.59399209486166 0.05412026726057909 0.06466403162055341
2 0.30734966592427615 0.5894466403162055 0.028953229398663696 0.03581027667984191
1 0.32717149220489977 0.5722529644268775 0.028507795100222742 0.04488142292490126
1 0.37360801781737196 0.5659288537549407 0.03897550111358575 0.06385375494071135
3 0.11336302895322939 0.7845454545454545 0.06414253897550111 0.20861660079051372
3 0.3089086859688196 0.6989525691699605 0.0365256124721603 0.12043478260869553
3 0.3925389755011136 0.6706916996047431 0.02783964365256125 0.09156126482213447
3 0.405902004454343 0.6321343873517787 0.01893095768374165 0.05794466403162065
3 0.4384187082405345 0.651699604743083 0.021603563474387504 0.06942687747035572
3 0.46035634743875276 0.6392490118577074 0.01870824053452111 0.05638339920948611
3 0.47594654788418705 0.6285770750988142 0.014253897550111309 0.0429249011857708
2 0.550445434298441 0.7019169960474309 0.14320712694877508 0.2251976284584981
2 0.6922048997772828 0.6754347826086956 0.11269487750556798 0.1643083003952569
2 0.6145879732739421 0.6212648221343874 0.039866369710467656 0.07968379446640327
0 0.44409799554565704 0.5281620553359684 0.07082405345211584 0.06345849802371545
5 0.4697104677060134 0.4827075098814229 0.019599109131403142 0.04367588932806329
5 0.5145879732739421 0.4827075098814229 0.022494432071269537 0.04367588932806329
5 0.5650334075723831 0.48527667984189726 0.023162583518930906 0.044861660079051416