2 0.14365256124721604 0.5698814229249012 0.07126948775055679 0.07177865612648231
2 0.20623608017817371 0.5714624505928855 0.03162583518930955 0.04330039525691693
2 0.2520044543429844 0.576403162055336 0.03630289532293989 0.04924901185770743
2 0.31057906458797324 0.5712648221343873 0.024276169265033357 0.031047430830039597
1 0.30445434298440976 0.5552569169960474 0.027616926503340706 0.050415019762845834
3 0.1910913140311804 0.7147628458498024 0.05478841870824052 0.15205533596837933
3 0.3183741648106904 0.6649604743083004 0.03541202672605786 0.09986166007905133
3 0.3834075723830735 0.6412252964426877 0.022939866369710495 0.08405138339920944
3 0.42138084632516704 0.6248221343873518 0.016481069042316207 0.06308300395256909
3 0.4402004454342984 0.6143478260869566 0.016258351893095793 0.04608695652173923
2 0.5402004454342985 0.7663636363636364 0.23853006681514483 0.37780632411067183
2 0.6896436525612472 0.6623913043478261 0.11425389755011126 0.14612648221343863
2 0.6250556792873051 0.6072332015810277 0.029621380846325065 0.06347826086956522
2 0.7653674832962137 0.5906324110671937 0.06080178173719366 0.04608695652173923
2 0.8635857461024499 0.7914822134387351 0.2728285077951002 0.3529051383399208
2 0.9649220489977728 0.6111857707509881 0.07015590200445435 0.055573122529644275
6 0.7320712694877506 0.7989723320158102 0.027616926503340706 0.1070158102766798
6 0.8084632516703786 0.8808102766798419 0.042316258351893093 0.1679249011857708
5 0.44832962138084637 0.4700592885375494 0.02138084632516709 0.03418972332015813
5 0.4888641425389755 0.4732213438735178 0.022271714922048998 0.040513833992094864
5 0.5380846325167038 0.47381422924901184 0.01826280623608015 0.04565217391304352