2 0.1467706013363029 0.610592885375494 0.06859688195991093 0.06624505928853751
2 0.30011135857461024 0.6064426877470356 0.034521158129175944 0.04608695652173923
1 0.3301781737193764 0.5868774703557312 0.02783964365256125 0.05043478260869562
1 0.3721603563474387 0.5813438735177866 0.03830734966592425 0.07098814229249004
2 0.5484409799554566 0.720889328063241 0.13474387527839643 0.21571146245059283
2 0.6141425389755011 0.6368774703557312 0.03897550111358575 0.06745059288537548
2 0.688195991091314 0.6815612648221344 0.10467706013363029 0.14889328063241114
0 0.4423162583518931 0.5412252964426878 0.07616926503340754 0.08164031620553354
5 0.4734966592427617 0.4981225296442688 0.02271714922048995 0.03498023715415023
5 0.5173719376391982 0.499308300395257 0.025835189309576886 0.04525691699604744
5 0.5679287305122495 0.5004940711462451 0.024498886414253896 0.05553359683794471
3 0.08630289532293986 0.8153754940711462 0.07015590200445435 0.22284584980237152
3 0.30300668151447663 0.7220750988142293 0.044766146993318504 0.131106719367589
3 0.3935412026726058 0.6823517786561264 0.027616926503340706 0.08721343873517785
3 0.4081291759465479 0.6465612648221344 0.014476614699331848 0.05124505928853745
3 0.43897550111358574 0.6649604743083004 0.020489977728285053 0.06824110671936753
3 0.46603563474387527 0.6534782608695653 0.014476614699331848 0.053221343873517686
3 0.4785077951002227 0.643596837944664 0.012694877505567904 0.041343873517786484