6 0.7369710467706013 0.8673517786561264 0.028507795100222617 0.12523715415019765
6 0.817706013363029 0.9379446640316206 0.03630289532293977 0.1241106719367588
2 0.8697104677060133 0.8351778656126483 0.26057906458797325 0.3296442687747035
2 0.9526726057906458 0.6712845849802371 0.09465478841870824 0.06507905138339912
2 0.7027839643652561 0.7392687747035573 0.13608017817371942 0.16946640316205533
2 0.6291759465478842 0.6770158102766798 0.053452115812917596 0.08839920948616604
2 0.5317371937639198 0.807094861660079 0.21269487750556793 0.3406521739130435
2 0.0465478841870824 0.6546640316205533 0.08195991091314031 0.063498023715415
2 0.24342984409799553 0.6345059288537549 0.030289532293986624 0.04687747035573128
2 0.3080178173719377 0.6311462450592885 0.03474387527839649 0.044110671936758994
2 0.38819599109131403 0.6392490118577074 0.07037861915367488 0.04055335968379443
3 0.2133630289532294 0.7641897233201581 0.04587973273942092 0.14812252964426886
3 0.32839643652561246 0.7202964426877471 0.03318485523385296 0.09988142292490111
3 0.3871937639198218 0.6987549407114625 0.0260579064587973 0.0765612648221344
3 0.4234966592427617 0.6851185770750988 0.022939866369710495 0.06903162055335958
0 0.4266146993318486 0.5797628458498024 0.06481069042316263 0.08363636363636373
5 0.44443207126948775 0.5350790513833992 0.02917594654788424 0.03381422924901188
5 0.49075723830734963 0.533102766798419 0.023830734966592403 0.03776679841897236
5 0.5437639198218263 0.5313241106719369 0.031848552338530095 0.038162055335968274