2 0.07204899777282851 0.5720553359683794 0.09510022271714923 0.08007905138339917
2 0.2250556792873051 0.5750197628458498 0.04031180400890867 0.04250988142292488
2 0.28797327394209354 0.5738339920948616 0.030289532293986655 0.04804347826086946
1 0.3089086859688196 0.5528853754940711 0.027616926503340706 0.045671936758893306
2 0.5439866369710468 0.7606324110671937 0.23273942093541203 0.35448616600790517
2 0.6830734966592428 0.6554743083003953 0.1077951002227171 0.1441304347826086
2 0.8569042316258352 0.7740711462450593 0.28396436525612473 0.3339328063241107
6 0.727728285077951 0.788893280632411 0.034521158129175944 0.11452569169960483
6 0.7999999999999999 0.8554940711462451 0.04320712694877501 0.1489525691699605
2 0.9571269487750557 0.6117786561264822 0.08574610244988864 0.06071146245059294
2 0.7587973273942094 0.5947826086956521 0.0810690423162583 0.05043478260869562
3 0.19064587973273942 0.7110079051383399 0.05389755011135855 0.15640316205533594
3 0.32004454342984406 0.661798418972332 0.032071269487750506 0.0935375494071147
3 0.38552338530066815 0.6406324110671937 0.02939866369710465 0.07891304347826077
3 0.4241648106904231 0.6252173913043478 0.019821826280623556 0.05596837944664042
3 0.44265033407572385 0.6115810276679842 0.01670378619153675 0.04845849802371538
0 0.4260579064587974 0.5147233201581027 0.06592427616926508 0.06820158102766796
5 0.44766146993318484 0.47025691699604744 0.024498886414253896 0.030632411067193676
5 0.4927616926503341 0.4708498023715415 0.02338530066815145 0.05158102766798423
5 0.5398663697104678 0.4736166007905138 0.021826280623608044 0.04920948616600786
2 0.37026726057906456 0.5627667984189724 0.01893095768374165 0.025909090909090937