6 0.7575723830734966 0.8499604743083004 0.040757238307349564 0.13786561264822134
6 0.85 0.9260869565217392 0.051893095768374066 0.14782608695652166
2 0.8741648106904232 0.8233201581027668 0.2516703786191537 0.3533596837944663
2 0.9593541202672605 0.6311462450592885 0.08129175946547884 0.05992094861660089
2 0.7142538975501114 0.7076482213438735 0.1434298440979955 0.18527667984189725
2 0.5293986636971046 0.7845652173913044 0.2369710467706013 0.36673913043478246
2 0.6302895322939867 0.6523122529644269 0.060133630289532294 0.09037549407114628
2 0.18329621380846325 0.601304347826087 0.043652561247216025 0.04371541501976285
2 0.27216035634743874 0.5947826086956521 0.03875278396436527 0.05043478260869562
2 0.4034521158129176 0.6032806324110672 0.0630289532293987 0.03976284584980238
3 0.19755011135857461 0.7382806324110672 0.045434298440979966 0.15563241106719367
3 0.3212694877505568 0.6874901185770751 0.036748329621380846 0.10541501976284591
3 0.38407572383073496 0.6619960474308301 0.028730512249443157 0.07416996047430825
3 0.42227171492204896 0.6528853754940712 0.027171492204899752 0.06389328063241115
3 0.44298440979955456 0.643399209486166 0.019599109131403142 0.060731225296442724
0 0.4243875278396437 0.5424110671936758 0.06926503340757244 0.07610671936758892
5 0.4481069042316258 0.5012845849802372 0.025389755011135808 0.04130434782608697
5 0.49064587973273943 0.4981225296442688 0.025835189309576886 0.03498023715415023
5 0.5439866369710468 0.5000988142292491 0.02783964365256125 0.046837944664031655
2 0.7973273942093542 0.617707509881423 0.07349665924276169 0.048853754940711515
2 0.31993318485523387 0.5955731225296443 0.025167037861915393 0.03620553359683804