2 0.07383073496659243 0.5805533596837944 0.06169265033407573 0.06940711462450594
2 0.22115812917594654 0.5730434782608695 0.04810690423162582 0.062292490118577036
2 0.2623608017817372 0.5742292490118577 0.028062360801781726 0.040928853754940785
2 0.29120267260579064 0.5781818181818182 0.025612472160356347 0.03302371541501983
2 0.34454342984409797 0.5754150197628459 0.01870824053452111 0.035395256916995986
2 0.4194877505567929 0.5801581027667985 0.06837416481069039 0.04490118577075104
2 0.5364142538975502 0.7645849802371542 0.23541202672605788 0.36239130434782607
2 0.6314031180400891 0.6167193675889329 0.0400890868596882 0.08245059288537555
2 0.7080178173719376 0.6801778656126483 0.130957683741648 0.18960474308300385
2 0.8724944320712695 0.7982015810276679 0.25501113585746105 0.3584387351778656
2 0.9576837416481069 0.6135573122529644 0.08240534521158129 0.0603162055335968
2 0.7657015590200446 0.5890513833992095 0.0788418708240534 0.0429249011857708
6 0.7472160356347439 0.8282213438735178 0.031180400890868598 0.13391304347826086
6 0.8426503340757239 0.9116403162055337 0.05055679287305133 0.16634387351778648
3 0.19120267260579063 0.720098814229249 0.0527839643652561 0.15086956521739137
3 0.3195991091314031 0.668913043478261 0.031180400890868598 0.10776679841897228
3 0.3834075723830735 0.6455731225296443 0.022939866369710495 0.08484189723320149
3 0.41937639198218263 0.6323320158102766 0.01692650334075729 0.05438735177865609
3 0.44120267260579066 0.618300395256917 0.016035634743875253 0.05399209486166018
0 0.4220489977728285 0.5174901185770752 0.066815144766147 0.06583003952569165
5 0.4472160356347439 0.4775691699604743 0.01469933184855239 0.04130434782608691
5 0.4896436525612472 0.475197628458498 0.0260579064587973 0.036561264822134384
5 0.5374164810690424 0.47440711462450597 0.02138084632516709 0.034980237154150176