2 0.1301781737193764 0.5722529644268775 0.08218262806236082 0.07652173913043483
2 0.20734966592427614 0.5704743083003954 0.02939866369710465 0.04527667984189717
2 0.2492204899777283 0.5742292490118577 0.03296213808463254 0.040928853754940785
2 0.3085746102449889 0.5710671936758893 0.02472160356347444 0.03460474308300394
1 0.30356347438752784 0.5489328063241107 0.025835189309576886 0.03776679841897236
3 0.18830734966592427 0.7139723320158102 0.051447661469933174 0.16628458498023713
3 0.31993318485523387 0.6681225296442688 0.03407572383073499 0.10618577075098817
3 0.3819599109131403 0.6404347826086957 0.022271714922048998 0.08247035573122533
3 0.4198218262806236 0.626205533596838 0.017817371937639197 0.06980237154150208
3 0.44120267260579066 0.6139525691699605 0.016035634743875253 0.0532015810276679
2 0.5371937639198218 0.7582608695652174 0.2481069042316258 0.36555335968379454
2 0.8619153674832962 0.7881225296442688 0.27616926503340755 0.35013833992094856
6 0.7334075723830735 0.8072727272727274 0.030289532293986687 0.13154150197628448
6 0.8057906458797328 0.8792094861660079 0.05478841870824058 0.1489525691699605
2 0.955456570155902 0.6088142292490119 0.08908685968819599 0.06664031620553365
2 0.6857461024498885 0.6558695652173913 0.130957683741648 0.1528458498023716
2 0.7591314031180402 0.5896442687747036 0.07505567928730522 0.048063241106719466
5 0.4451002227171492 0.4690711462450593 0.0260579064587973 0.03616600790513836
5 0.49231625835189313 0.4688735177865613 0.022494432071269537 0.039723320158102815
5 0.538195991091314 0.4706521739130435 0.025167037861915393 0.03932806324110667