2 0.1244988864142539 0.5785770750988142 0.059688195991091306 0.057549407114624515
2 0.19187082405345213 0.5795652173913043 0.04966592427616929 0.03976284584980238
1 0.3081291759465479 0.5522924901185771 0.023830734966592403 0.04053359683794465
2 0.54543429844098 0.7657707509881423 0.23340757238307352 0.3726679841897232
2 0.808129175946548 0.7345454545454546 0.2265033407572384 0.27067193675889334
2 0.9571269487750557 0.6107905138339921 0.08574610244988864 0.06268774703557317
2 0.7580178173719377 0.585296442687747 0.07728285077951012 0.04727272727272719
2 0.6547884187082406 0.6372924901185771 0.08240534521158129 0.12357707509881417
2 0.35033407572383074 0.5627667984189724 0.02138084632516709 0.025909090909090937
3 0.19031180400890868 0.7155533596837944 0.04209354120267262 0.16946640316205533
3 0.31893095768374163 0.6623913043478261 0.03429844097995541 0.09867588932806315
3 0.38496659242761694 0.6378656126482213 0.021603563474387504 0.08128458498023715
3 0.42071269487750557 0.6254150197628459 0.019599109131403142 0.06822134387351775
3 0.4437639198218263 0.610395256916996 0.014476614699331848 0.05399209486166018
0 0.4229398663697105 0.516699604743083 0.07750556792873053 0.08005928853754939
5 0.4474387527839644 0.4661067193675889 0.019599109131403142 0.04209486166007907
5 0.4917594654788419 0.47045454545454546 0.023608017817371988 0.04288537549407112
5 0.5398663697104678 0.47124505928853755 0.021826280623608044 0.044466403162055336