3 0.21547884187082406 0.7637944664031621 0.043429844097995544 0.13942687747035565
3 0.32895322939866367 0.7218774703557312 0.032071269487750506 0.10304347826086954
3 0.38964365256124717 0.7009288537549407 0.02650334075723826 0.06905138339920937
3 0.42594654788418707 0.6878853754940711 0.02338530066815145 0.06666007905138344
3 0.444988864142539 0.6803754940711462 0.019153674832962188 0.04373517786561264
0 0.42561247216035636 0.5811462450592886 0.06503340757238305 0.0745454545454546
5 0.44844097995545656 0.5370553359683794 0.019376391982182602 0.02986166007905141
5 0.49142538975501115 0.5364624505928853 0.020712694877505593 0.04053359683794465
5 0.5391982182628062 0.541600790513834 0.016035634743875253 0.04290513833992102
6 0.7348552338530067 0.8649802371541502 0.022048997772828458 0.136304347826087
6 0.8132516703786191 0.9349802371541502 0.04521158129175937 0.13003952569169952
2 0.8658129175946548 0.8351778656126483 0.26837416481069043 0.3296442687747035
2 0.9526726057906458 0.6770158102766798 0.09465478841870824 0.05677865612648225
2 0.6987750556792873 0.7394664031620554 0.13697104677060135 0.1817193675889329
2 0.6285077951002227 0.6916403162055337 0.056570155902004406 0.0939525691699604
2 0.5304008908685969 0.8084782608695652 0.21893095768374168 0.3315612648221343
2 0.04955456570155902 0.6556521739130434 0.06347438752783964 0.06152173913043477
2 0.09287305122494433 0.6364822134387352 0.03919821826280622 0.058754940711462485
2 0.2463251670378619 0.6356916996047431 0.04053452115812915 0.041343873517786484
2 0.31113585746102446 0.6333201581027668 0.032071269487750506 0.036600790513833956
2 0.38897550111358575 0.643596837944664 0.0652561247216036 0.041343873517786484
2 0.457238307349666 0.6345059288537549 0.030289532293986687 0.031067193675889383