6 0.7207126948775057 0.8926482213438736 0.01826280623608028 0.11258893280632416
6 0.7743875278396436 0.9438735177865613 0.023162583518930906 0.11225296442687738
2 0.8505567928730512 0.8588932806324111 0.27349665924276156 0.2822134387351778
2 0.9482182628062361 0.7309683794466403 0.10356347438752785 0.06588932806324117
2 0.6860801781737194 0.7821739130434782 0.10712694877505573 0.1722529644268774
2 0.626837416481069 0.7349209486166008 0.05100222717149215 0.07379446640316212
2 0.5383073496659243 0.8161660079051384 0.1657015590200445 0.2560671936758892
2 0.0467706013363029 0.7139723320158102 0.0935412026726058 0.08723320158102764
2 0.09810690423162582 0.6886758893280633 0.02650334075723832 0.06824110671936753
2 0.24320712694877505 0.6904545454545454 0.052115812917594664 0.052035573122529724
2 0.2916481069042316 0.69401185770751 0.03541202672605789 0.03543478260869555
2 0.37260579064587973 0.6936166007905139 0.048106904231625884 0.04254940711462445
2 0.4724944320712695 0.6916403162055337 0.04075723830734969 0.046501976284584925
5 0.47271714922048996 0.5953754940711462 0.036748329621380846 0.03976284584980238
5 0.5167037861915368 0.5989328063241107 0.028953229398663696 0.03897233201581033
5 0.5654788418708241 0.5945849802371542 0.03296213808463254 0.03818181818181828