2 0.05389755011135857 0.5835177865612649 0.06547884187082405 0.06347826086956522
2 0.21547884187082406 0.5722529644268775 0.052338530066815145 0.06071146245059294
2 0.2561247216035635 0.5700790513833992 0.024498886414253896 0.03658102766798417
2 0.2909799554565702 0.57699604743083 0.029621380846325193 0.03855731225296441
2 0.3406458797327394 0.5746245059288537 0.02650334075723826 0.03381422924901188
2 0.5395322939866369 0.7695256916996047 0.23273942093541203 0.3841304347826087
2 0.6335189309576837 0.6167193675889329 0.046547884187082354 0.08245059288537555
2 0.7089086859688196 0.6780039525691699 0.13273942093541208 0.18130434782608698
2 0.8702672605790646 0.8108498023715416 0.2594654788418708 0.36792490118577065
6 0.7465478841870824 0.8116205533596839 0.03429844097995541 0.11652173913043486
6 0.8357461024498887 0.9033399209486166 0.05011135857461024 0.1576482213438735
2 0.9560133630289532 0.6147430830039525 0.08797327394209355 0.07059288537549413
2 0.7570155902004454 0.592213438735178 0.08641425389755002 0.04924901185770743
2 0.42383073496659246 0.5815415019762845 0.07037861915367488 0.03581027667984191
0 0.4243875278396437 0.516501976284585 0.06926503340757244 0.06780632411067189
5 0.4474387527839644 0.4710474308300395 0.019599109131403142 0.03221343873517789
5 0.49198218262806237 0.4718379446640316 0.019599109131403142 0.0337944664031621
5 0.5384187082405345 0.4736166007905138 0.021158129175946547 0.03339920948616596
3 0.18975501113585747 0.7169367588932806 0.052115812917594664 0.16035573122529642
3 0.31781737193763915 0.6681225296442688 0.0365256124721603 0.10618577075098817
3 0.38184855233853005 0.6457707509881423 0.024276169265033357 0.08128458498023715
3 0.4211581291759465 0.6343083003952569 0.020489977728285053 0.0662648221343873
3 0.44242761692650334 0.6220553359683795 0.011804008908685994 0.049644268774703564