2 0.17505567928730512 0.5700790513833992 0.06726057906458796 0.06822134387351775
2 0.5384187082405345 0.7689328063241107 0.23496659242761692 0.37899209486166
2 0.7011135857461025 0.6641699604743083 0.12160356347438758 0.1615415019762846
2 0.8702672605790646 0.7885177865612648 0.2594654788418708 0.35883399209486155
2 0.9587973273942093 0.6070355731225296 0.08240534521158129 0.05122529644268767
2 0.7620267260579064 0.5935968379446641 0.06614699331848563 0.05596837944664042
6 0.7397550111358574 0.8074703557312253 0.03184855233852996 0.12798418972332015
6 0.8279510022271714 0.8895059288537549 0.04788418708240535 0.1695059288537549
2 0.22650334075723833 0.5692885375494071 0.04097995545657017 0.03500000000000007
2 0.26837416481069043 0.5710671936758893 0.035634743875278395 0.03460474308300394
1 0.3048997772828508 0.5582213438735177 0.028507795100222742 0.04448616600790512
2 0.32683741648106907 0.5748221343873519 0.025612472160356347 0.030256916996047323
3 0.189086859688196 0.7165415019762845 0.05523385300668154 0.15166007905138343
3 0.3183741648106904 0.6667391304347826 0.03541202672605786 0.09946640316205542
3 0.38374164810690425 0.6396442687747036 0.025835189309576886 0.080889328063241
3 0.4184855233853007 0.62699604743083 0.015144766146993343 0.07138339920948618
3 0.4407572383073497 0.6115810276679842 0.015144766146993343 0.04845849802371538
2 0.6317371937639198 0.610395256916996 0.034075723830734865 0.05399209486166018
5 0.4468819599109132 0.47045454545454546 0.029621380846325193 0.04288537549407112
5 0.4889755011135858 0.4688735177865613 0.02917594654788424 0.039723320158102815
5 0.5375278396436526 0.4742094861660079 0.028285077951002203 0.038537549407114624