2 0.20211581291759464 0.5659288537549407 0.061247216035634745 0.06385375494071135
2 0.3195991091314031 0.5669169960474308 0.031180400890868598 0.030256916996047323
1 0.31915367483296214 0.5340909090909091 0.030289532293986687 0.03579051383399212
1 0.37360801781737196 0.5424110671936758 0.03897550111358575 0.06029644268774702
2 0.5405345211581292 0.6839328063241107 0.1434298440979955 0.24851778656126483
2 0.6122494432071269 0.5983399209486165 0.04632516703786181 0.08126482213438736
2 0.700445434298441 0.6546837944664031 0.12472160356347439 0.17418972332015809
2 0.9743875278396437 0.6131620553359683 0.051224944320712694 0.0674308300395257
3 0.15434298440979954 0.7278063241106719 0.05701559020044542 0.18606719367588928
3 0.3139198218262806 0.6619960474308301 0.03541202672605786 0.10579051383399204
3 0.3897550111358575 0.6356916996047431 0.024498886414253896 0.08879446640316195
3 0.43051224944320715 0.6204743083003952 0.02138084632516709 0.062292490118577036
3 0.45367483296213806 0.6072332015810277 0.014253897550111309 0.04766798418972333
3 0.46848552338530064 0.5987351778656126 0.014922048997772804 0.04252964426877467
5 0.46091314031180397 0.45820158102766795 0.02650334075723826 0.04209486166007907
5 0.5036748329621381 0.45839920948616597 0.022939866369710495 0.05434782608695652
5 0.5533407572383073 0.4609683794466403 0.028730512249443157 0.039723320158102815