6 0.798218262806236 0.930810276679842 0.03964365256124711 0.13750988142292497
2 0.8947661469933185 0.84901185770751 0.21046770601336304 0.30197628458498016
2 0.022271714922048998 0.6681225296442688 0.044543429844097995 0.09037549407114628
2 0.1868596881959911 0.6515019762845851 0.05968819599109134 0.057173913043478165
2 0.2403118040089087 0.6459683794466403 0.04187082405345214 0.04610671936758901
2 0.5346325167037862 0.6942094861660079 0.07149220489977734 0.1267588932806324
2 0.661804008908686 0.7242490118577075 0.08975501113585736 0.13940711462450586
2 0.6051224944320712 0.6811660079051384 0.04097995545657011 0.07693675889328053
3 0.3257238307349666 0.720889328063241 0.02783964365256125 0.08920948616600788
3 0.39732739420935415 0.7011264822134387 0.021826280623608044 0.08130434782608693
3 0.42917594654788416 0.6872924901185771 0.01870824053452111 0.06152173913043477
3 0.4555679287305123 0.6809683794466403 0.01581291759465484 0.0488735177865613
2 0.8612472160356347 0.6712648221343874 0.0810690423162583 0.049268774703557214
2 0.948663697104677 0.6740513833992094 0.09331848552338524 0.07851778656126486