2 0.18028953229398664 0.5659288537549407 0.044320712694877515 0.04804347826086946
2 0.26347438752783964 0.5657312252964427 0.034743875278396424 0.05160079051383402
1 0.3047884187082405 0.5475494071146245 0.0305122494432071 0.0468577075098815
2 0.3265033407572383 0.5647430830039526 0.03162583518930955 0.03776679841897236
2 0.3567928730512249 0.5592094861660079 0.020935412026726007 0.026699604743082986
2 0.5400890868596881 0.7576679841897234 0.23162583518930957 0.36041501976284585
2 0.6718262806236079 0.6475691699604743 0.09643652561247205 0.1441304347826086
2 0.9560133630289532 0.617905138339921 0.08797327394209355 0.09272727272727264
2 0.9526726057906458 0.8905138339920949 0.09465478841870824 0.21897233201581018
6 0.9329621380846325 0.9507905138339922 0.06414253897550101 0.09841897233201571
3 0.18819599109131402 0.7106126482213438 0.044543429844097995 0.16351778656126484
3 0.3187082405345211 0.6519169960474308 0.02939866369710465 0.09749011857707518
3 0.384521158129176 0.6317391304347827 0.020712694877505593 0.080889328063241
3 0.42138084632516704 0.618300395256917 0.016481069042316207 0.06980237154150208
3 0.4423162583518931 0.6016996047430829 0.013808463251670353 0.05241106719367585
3 0.45512249443207126 0.5971541501976285 0.014922048997772804 0.039367588932806244
0 0.42561247216035636 0.5062252964426877 0.06503340757238305 0.0788735177865612
5 0.44788418708240535 0.46492094861660077 0.020489977728285053 0.031818181818181863
5 0.49075723830734963 0.46689723320158105 0.023830734966592403 0.04367588932806329
5 0.5379732739420936 0.4645256916996048 0.02917594654788424 0.03893280632411065