6 0.7596881959910914 0.8436363636363636 0.038307349665924376 0.14102766798418975
6 0.8497772828507796 0.9225098814229249 0.04699331848552343 0.14460474308300386
2 0.8708240534521158 0.8191501976284585 0.2583518930957684 0.36083003952569176
2 0.9632516703786191 0.6275889328063241 0.07349665924276169 0.06071146245059294
2 0.7157015590200446 0.6948023715415019 0.13518930957683753 0.16351778656126484
2 0.6347438752783965 0.642806324110672 0.051224944320712694 0.08721343873517785
2 0.5385300668151448 0.7823913043478261 0.23296213808463256 0.37424901185770754
2 0.16146993318485522 0.59399209486166 0.053452115812917596 0.048853754940711515
2 0.2648106904231626 0.5884584980237154 0.03741648106904234 0.05359683794466404
2 0.2923162583518931 0.5858893280632411 0.014476614699331848 0.036600790513833956
2 0.3150334075723831 0.5898418972332016 0.024276169265033357 0.028695652173913008
2 0.35979955456570156 0.5882608695652174 0.02026726057906464 0.025533596837944584
2 0.410913140311804 0.5953754940711462 0.062360801781737196 0.03976284584980238
3 0.19821826280623608 0.7337351778656126 0.051224944320712694 0.17420948616600787
3 0.32305122494432076 0.677806324110672 0.031403118040089134 0.10579051383399204
3 0.38429844097995547 0.6566403162055335 0.02472160356347444 0.07535573122529643
3 0.42082405345211576 0.643399209486166 0.017594654788418658 0.060731225296442724
3 0.4434298440979955 0.6333201581027668 0.011581291759465453 0.05241106719367585
0 0.4249443207126949 0.5362845849802372 0.06815144766146998 0.07571146245059283
5 0.4487750556792873 0.48863636363636365 0.022271714922048998 0.031818181818181863
5 0.48975501113585745 0.491798418972332 0.024053452115812942 0.0381422924901186
5 0.5393095768374165 0.491403162055336 0.022939866369710495 0.04525691699604744