2 0.17917594654788419 0.5641501976284584 0.04654788418708242 0.048438735177865594
2 0.2489977728285078 0.5641501976284584 0.04587973273942092 0.048438735177865594
2 0.3 0.5550592885375495 0.027616926503340706 0.038162055335968274
2 0.32160356347438757 0.5647430830039526 0.021826280623608044 0.03776679841897236
2 0.355456570155902 0.560197628458498 0.01826280623608015 0.02472332015810275
2 0.537750556792873 0.7614229249011857 0.22917594654788415 0.387687747035573
2 0.6693763919821827 0.6279841897233202 0.07327394209354116 0.11685770750988142
2 0.9587973273942093 0.6022924901185771 0.08240534521158129 0.07335968379446642
2 0.9164810690423163 0.825296442687747 0.16703786191536749 0.34940711462450585
6 0.8597995545657016 0.9181818181818182 0.05367483296213814 0.16363636363636355
3 0.18819599109131402 0.7056719367588933 0.053452115812917596 0.15758893280632413
3 0.3169265033407573 0.6556719367588932 0.03474387527839649 0.10895256916996046
3 0.3841870824053452 0.634110671936759 0.026726057906458798 0.08563241106719376
3 0.42182628062360805 0.6194861660079051 0.017371937639198243 0.06426877470355728
3 0.44265033407572385 0.6052569169960474 0.01670378619153675 0.0516205533596838
5 0.44788418708240535 0.46215415019762845 0.020489977728285053 0.03418972332015813
5 0.4904231625835189 0.46353754940711467 0.020935412026726007 0.04090909090909089
5 0.5405345211581292 0.4645256916996048 0.01870824053452111 0.03893280632411065