2 0.17394209354120266 0.5619762845849803 0.04276169265033405 0.0559486166007904
2 0.22115812917594654 0.5655335968379447 0.04810690423162582 0.055158102766798354
2 0.3056792873051225 0.568300395256917 0.02338530066815145 0.03697628458498031
1 0.30701559020044544 0.5447628458498023 0.0260579064587973 0.033418972332015746
2 0.3471046770601336 0.5615810276679842 0.0260579064587973 0.03144268774703551
1 0.383630289532294 0.5420158102766798 0.01893095768374165 0.05160079051383402
2 0.5397550111358574 0.7519367588932807 0.21091314031180397 0.35288537549407106
2 0.6407572383073497 0.6246245059288538 0.06770601336302891 0.11409090909090913
2 0.873608017817372 0.808498023715415 0.25278396436525613 0.38300395256916986
6 0.7614699331848552 0.8284189723320158 0.032962138084632414 0.14616600790513842
6 0.8630289532293987 0.9209288537549407 0.04899777282850779 0.15727272727272734
2 0.9615812917594655 0.5951778656126483 0.07683741648106904 0.043320158102766716
3 0.1858574610244989 0.7068577075098814 0.05100222717149222 0.15205533596837933
3 0.31792873051224946 0.6588339920948617 0.034521158129175944 0.09946640316205542
3 0.38229398663697106 0.6317391304347827 0.025167037861915393 0.080889328063241
3 0.42182628062360805 0.6234387351778655 0.017371937639198243 0.07217391304347823
3 0.4393095768374165 0.6064426877470356 0.014476614699331848 0.04608695652173923
3 0.4562360801781737 0.5961660079051384 0.012694877505567904 0.041343873517786484
0 0.4257238307349666 0.5066205533596838 0.0630289532293987 0.07175889328063235
5 0.4468819599109132 0.4603754940711462 0.020712694877505593 0.03458498023715415
5 0.4905345211581292 0.4657114624505929 0.01893095768374165 0.04920948616600786
5 0.5364142538975502 0.46492094861660077 0.0305122494432071 0.04762845849802376