2 0.07973273942093541 0.5811462450592886 0.06369710467706013 0.0587351778656127
2 0.22828507795100222 0.5748221343873519 0.044543429844097995 0.06189723320158113
2 0.26425389755011136 0.5736363636363636 0.020712694877505593 0.03579051383399212
2 0.29432071269487753 0.576600790513834 0.022939866369710495 0.04569169960474309
2 0.3467706013363029 0.5720553359683794 0.023162583518930906 0.0326284584980237
2 0.4214922048997773 0.5811462450592886 0.06792873051224944 0.0429249011857708
2 0.5393095768374165 0.76300395256917 0.23674832962138087 0.35922924901185765
2 0.6355233853006682 0.619090909090909 0.046102449888641525 0.07138339920948618
2 0.7110244988864143 0.6760276679841897 0.13919821826280623 0.16944664031620554
2 0.8747216035634744 0.8104743083003954 0.2505567928730512 0.3790513833992094
6 0.7512249443207127 0.8157707509881422 0.030289532293986687 0.12086956521739124
6 0.8455456570155901 0.9110474308300396 0.042984409799554466 0.14539525691699592
2 0.9593541202672605 0.6151383399209486 0.08129175946547884 0.06347826086956522
2 0.7636971046770601 0.5912252964426878 0.07839643652561257 0.05122529644268767
3 0.18997772828507795 0.7226679841897233 0.04810690423162582 0.16788537549407123
3 0.3190423162583519 0.6683201581027668 0.03229398663697105 0.10262845849802361
3 0.3819599109131403 0.6465612648221344 0.022271714922048998 0.08286561264822125
3 0.4198218262806236 0.6279841897233202 0.017817371937639197 0.05359683794466404
3 0.4433184855233853 0.617707509881423 0.01358574610244994 0.048853754940711515
5 0.44677060133630286 0.47341897233201585 0.02271714922048995 0.036956521739130416
5 0.48841870824053457 0.47440711462450597 0.030289532293986687 0.034980237154150176
5 0.5383073496659243 0.4783596837944664 0.023162583518930906 0.04288537549407112