6 0.7322939866369711 0.8784189723320158 0.023608017817371988 0.1157509881422926
6 0.7918708240534521 0.9335770750988142 0.03808463251670384 0.11930830039525693
2 0.8619153674832962 0.8480237154150199 0.27616926503340755 0.3039525691699604
2 0.9047884187082406 0.6963833992094862 0.09020044543429843 0.0401778656126483
2 0.6714922048997772 0.7412450592885376 0.10244988864142539 0.13389328063241107
2 0.6123608017817371 0.7019169960474309 0.04432071269487745 0.06707509881422913
2 0.5351893095768374 0.7424308300395257 0.10601336302895328 0.1757905138339922
2 0.0400890868596882 0.6760276679841897 0.0801781737193764 0.09037549407114628
2 0.15835189309576836 0.6647430830039526 0.06503340757238306 0.055988142292490196
3 0.22962138084632516 0.7821739130434782 0.03830734966592425 0.14061264822134384
3 0.3570155902004455 0.7311660079051384 0.025835189309576886 0.0781422924901185
3 0.4066815144766147 0.7179249011857707 0.02271714922048995 0.06351778656126479
3 0.44097995545657015 0.7078458498023715 0.0200445434298441 0.05521739130434793
3 0.46347438752783965 0.7021146245059288 0.016035634743875253 0.047687747035573116
5 0.47516703786191533 0.5754150197628459 0.019376391982182602 0.035395256916995986
5 0.5119153674832962 0.5752173913043478 0.0260579064587973 0.038952569169960545
5 0.5562360801781737 0.5791699604743084 0.021158129175946547 0.04687747035573128