2 0.1311804008908686 0.660197628458498 0.05523385300668151 0.058754940711462485
2 0.23374164810690423 0.6665217391304348 0.053229398663697115 0.05559288537549406
1 0.344988864142539 0.6335177865612648 0.04632516703786194 0.0804940711462451
2 0.5467706013363028 0.7455928853754941 0.12026726057906459 0.1663043478260869
2 0.6096881959910914 0.6831422924901186 0.03897550111358575 0.057173913043478165
2 0.6634743875278396 0.7222727272727273 0.08641425389755002 0.11173913043478254
2 0.9287305122494433 0.8766798418972332 0.14253897550111358 0.2466403162055335
6 0.8544543429844097 0.9353557312252965 0.025167037861915265 0.087292490118577
4 0.7639198218262806 0.7106126482213438 0.0957683741648107 0.03701581027667988
3 0.23285077951002225 0.8230830039525692 0.06035634743875277 0.16316205533596828
3 0.36681514476614696 0.7629841897233202 0.027616926503340706 0.10622529644268774
3 0.39565701559020044 0.7112055335968379 0.016258351893095793 0.05798418972332022
3 0.42850779510022274 0.7355138339920949 0.021826280623608044 0.07893280632411055
3 0.4599109131403118 0.7141699604743084 0.017817371937639197 0.05205533596837951
3 0.4749443207126949 0.7068577075098814 0.014476614699331848 0.04136363636363626
5 0.471826280623608 0.5499209486166008 0.017149220489977704 0.03579051383399212
5 0.5195991091314032 0.5501185770750988 0.02138084632516709 0.04804347826086946
5 0.5726057906458798 0.551501976284585 0.020489977728285116 0.038952569169960545