2 0.15111358574610242 0.5669169960474308 0.05278396436525611 0.061877470355731115
2 0.27216035634743874 0.5627667984189724 0.02984409799554567 0.04171936758893283
1 0.3066815144766147 0.5447826086956522 0.032071269487750506 0.04922924901185764
2 0.3359688195991091 0.560790513833992 0.021603563474387504 0.02986166007905141
1 0.37394209354120267 0.5390513833992094 0.024053452115812942 0.05752964426877473
2 0.533630289532294 0.7128063241106719 0.17861915367483294 0.2983201581027667
2 0.6171492204899778 0.6088142292490119 0.06503340757238317 0.11409090909090913
2 0.7967706013363028 0.721897233201581 0.22605790645879734 0.2611660079051383
6 0.6812917594654788 0.7303754940711462 0.015144766146993217 0.09237154150197631
6 0.72271714922049 0.7839525691699605 0.026726057906458798 0.12440711462450602
2 0.9555679287305123 0.6052569169960474 0.08485523385300674 0.0674308300395257
3 0.1817371937639198 0.7117984189723321 0.05389755011135855 0.17381422924901194
3 0.31336302895322937 0.6534980237154151 0.0365256124721603 0.10065217391304337
3 0.3819599109131403 0.6297628458498025 0.022271714922048998 0.08484189723320149
3 0.41971046770601333 0.6169169960474309 0.019821826280623556 0.06308300395256909
3 0.4408685968819599 0.6038735177865613 0.013140311804008858 0.04490118577075104
3 0.4541202672605791 0.5977470355731225 0.015144766146993343 0.04450592885375491