6 0.7302895322939866 0.9027272727272727 0.032962138084632414 0.10507905138339912
6 0.7850779510022272 0.9495849802371542 0.035634743875278395 0.09996047430830048
2 0.8622494432071269 0.8618577075098814 0.26792873051224936 0.27628458498023706
2 0.9565701559020044 0.7382806324110672 0.08685968819599109 0.06075098814229251
2 0.698663697104677 0.7922529644268774 0.1122494432071269 0.1489328063241107
2 0.6360801781737194 0.745197628458498 0.053897550111358675 0.09434782608695653
2 0.5418708240534521 0.8357509881422924 0.18173719376391986 0.26752964426877474
2 0.20556792873051224 0.6918379446640316 0.043652561247216025 0.04294466403162059
2 0.24732739420935412 0.7021146245059288 0.04031180400890867 0.047687747035573116
2 0.39020044543429844 0.7021146245059288 0.0610244988864142 0.047687747035573116
2 0.4708240534521158 0.6991501976284584 0.03518930957683744 0.037806324110671925
3 0.27271714922049 0.8157707509881422 0.04654788418708242 0.13667984189723315
3 0.36358574610244987 0.7835573122529644 0.03229398663697105 0.0999011857707509
3 0.4157015590200446 0.7556719367588933 0.029621380846325193 0.07972332015810282
3 0.4496659242761693 0.7469762845849803 0.015144766146993343 0.06233201581027661
2 0.3279510022271715 0.6942094861660079 0.02338530066815145 0.03187747035573121
0 0.44821826280623606 0.6418181818181818 0.06792873051224944 0.0575691699604743
5 0.46948775055679287 0.5993280632411067 0.023608017817371988 0.031857707509881435
5 0.5119153674832962 0.6001185770750989 0.017149220489977704 0.03343873517786553
5 0.5589086859688196 0.6016996047430829 0.017594654788418658 0.036600790513833956