2 0.13563474387527838 0.5890513833992095 0.04632516703786191 0.0587351778656127
2 0.2546770601336303 0.5819367588932806 0.041648106904231603 0.0603162055335968
2 0.28619153674832964 0.5799604743083003 0.017817371937639197 0.0326284584980237
2 0.3101336302895323 0.5811462450592886 0.02338530066815145 0.0429249011857708
2 0.3561247216035635 0.5787747035573123 0.015144766146993343 0.038162055335968274
2 0.41269487750556794 0.5941897233201582 0.06592427616926508 0.045296442687746956
2 0.5361915367483296 0.7716996047430831 0.23051224944320714 0.3608102766798418
2 0.636859688195991 0.6293675889328063 0.048775055679287256 0.09195652173913038
2 0.7160356347438753 0.6910474308300396 0.1291759465478842 0.1836758893280631
2 0.876391982182628 0.8114624505928855 0.24721603563474387 0.3770750988142292
2 0.9587973273942093 0.618498023715415 0.08240534521158129 0.05043478260869562
2 0.7760579064587974 0.6052569169960474 0.06436525612472155 0.0516205533596838
6 0.7552338530066816 0.8341501976284584 0.02939866369710478 0.13786561264822134
6 0.8487750556792873 0.9179644268774704 0.047216035634743976 0.16320158102766807
3 0.19443207126948775 0.7250395256916996 0.04810690423162582 0.17262845849802377
3 0.31937639198218265 0.6736561264822134 0.03518930957683744 0.11727272727272733
3 0.383630289532294 0.651699604743083 0.02783964365256125 0.08523715415019761
3 0.4214922048997773 0.6384584980237155 0.014476614699331848 0.05480237154150201
3 0.44420935412026724 0.6271936758893281 0.015367483296213758 0.05201581027667994
5 0.44832962138084637 0.4872529644268775 0.02138084632516709 0.040909090909090944
5 0.48997772828507796 0.48468379446640314 0.0200445434298441 0.039723320158102815
5 0.5371937639198218 0.4870553359683794 0.025389755011135808 0.044466403162055336