3 0.03363028953229399 0.8974308300395257 0.06503340757238307 0.20513833992094851
3 0.29866369710467705 0.7884980237154151 0.033853006681514454 0.1216403162055335
3 0.3769487750556793 0.7606126482213439 0.03229398663697105 0.08567193675889333
3 0.42282850779510023 0.7422332015810277 0.0260579064587973 0.06865612648221346
3 0.4524498886414254 0.7345256916996048 0.018485523385300694 0.04928853754940722
6 0.720489977728285 0.8847430830039525 0.022271714922048998 0.09677865612648227
6 0.7740534521158129 0.9410869565217391 0.02917594654788424 0.11063241106719371
2 0.8439866369710467 0.857905138339921 0.26703786191536744 0.284189723320158
2 0.9526726057906458 0.7372924901185771 0.09465478841870824 0.07853754940711465
2 0.684521158129176 0.7695256916996047 0.09955456570155913 0.13112648221343878
2 0.626837416481069 0.728794466403162 0.05100222717149215 0.07339920948616598
2 0.5412026726057907 0.8064822134387352 0.1492204899777283 0.22482213438735177
2 0.10256124721603563 0.7058695652173913 0.08930957683741647 0.059169960474308406
0 0.45044543429844097 0.6388537549407114 0.07238307349665925 0.063498023715415
5 0.4710467706013363 0.5967588932806324 0.013363028953229399 0.030671936758893244
5 0.5133630289532294 0.5963636363636363 0.017817371937639197 0.03778656126482215
5 0.5583518930957684 0.593794466403162 0.01870824053452111 0.036600790513833956