6 0.8478841870824053 0.9468379446640317 0.0365256124721603 0.10632411067193667
2 0.9170378619153675 0.8549407114624507 0.16592427616926503 0.29011857707509875
2 0.0757238307349666 0.6509090909090909 0.0957683741648107 0.06784584980237163
2 0.8498886414253898 0.6675098814229249 0.07171492204899788 0.05361660079051383
2 0.9301781737193764 0.6629841897233202 0.07282850779510032 0.07219367588932801
2 0.6552338530066815 0.7171343873517787 0.0922048997772828 0.1251778656126483
2 0.5329621380846326 0.6821541501976285 0.06592427616926508 0.10660079051383388
2 0.22071269487750556 0.6424110671936759 0.04721603563474385 0.04689723320158106
3 0.3395322939866369 0.703102766798419 0.028730512249443157 0.09316205533596836
3 0.4034521158129176 0.6803754940711462 0.018485523385300694 0.05954545454545453
3 0.4346325167037862 0.6728656126482214 0.018485523385300694 0.05243083003952564
3 0.457238307349666 0.668695652173913 0.01247216035634749 0.04808300395256925
2 0.4703786191536748 0.5930039525691699 0.04320712694877501 0.03501976284584986