2 0.17951002227171492 0.5651383399209485 0.04944320712694875 0.046462450592885354
1 0.30456570155902 0.5501185770750988 0.025612472160356347 0.04804347826086946
2 0.3160356347438753 0.5661264822134386 0.024053452115812942 0.028675889328063222
2 0.5356347438752784 0.7709288537549407 0.24053452115812918 0.3908498023715415
2 0.7305122494432071 0.6872924901185771 0.1714922048997773 0.20383399209486164
6 0.6763919821826281 0.735909090909091 0.023162583518930906 0.08762845849802378
2 0.9537861915367484 0.6121739130434782 0.09242761692650334 0.06940711462450594
2 0.6241648106904232 0.610395256916996 0.052338530066815145 0.08561264822134397
2 0.3518930957683742 0.56 0.0200445434298441 0.028280632411067087
2 0.37438752783964363 0.5611857707509881 0.016035634743875253 0.02274703557312251
3 0.18853006681514478 0.710810276679842 0.04743875278396439 0.15996047430830027
3 0.3174832962138085 0.6586363636363636 0.033630289532294036 0.10302371541501976
3 0.3841870824053452 0.6378656126482213 0.026726057906458798 0.08128458498023715
3 0.42171492204899774 0.6222529644268775 0.019376391982182602 0.06189723320158113
3 0.4407572383073497 0.6111857707509881 0.015144766146993343 0.055573122529644275
0 0.42282850779510023 0.5137351778656126 0.07060133630289529 0.0701778656126482
5 0.44554565701559024 0.466501976284585 0.01804008908685974 0.034980237154150176
5 0.48975501113585745 0.46808300395256913 0.024053452115812942 0.053952569169960496
5 0.5373051224944321 0.4700592885375494 0.02338530066815145 0.050000000000000024