2 0.10211581291759465 0.6663241106719368 0.07060133630289533 0.0591501976284584
3 0.17806236080178175 0.8143873517786561 0.04877505567928732 0.16158102766798418
3 0.33875278396436526 0.7479644268774704 0.033853006681514454 0.09197628458498017
3 0.39710467706013364 0.7299802371541502 0.025835189309576886 0.06786561264822141
3 0.4344097995545657 0.7191106719367589 0.022494432071269537 0.05798418972332022
3 0.4575723830734966 0.7094268774703558 0.015367483296213758 0.04254940711462445
2 0.5376391982182628 0.755691699604743 0.11536748329621384 0.174604743083004
2 0.6746102449888641 0.7475691699604743 0.09977728285077941 0.13073122529644265
2 0.85456570155902 0.8521541501976284 0.2815144766146993 0.28849802371541505
6 0.7775055679287306 0.9258695652173913 0.02939866369710478 0.09994071146245069
6 0.7237193763919821 0.8705138339920949 0.02650334075723826 0.09992094861660068
6 0.9185968819599108 0.7084387351778657 0.10890868596881954 0.06035573122529637
6 0.6141425389755011 0.711403162055336 0.04788418708240535 0.08604743083003945
0 0.457238307349666 0.6236363636363637 0.06592427616926508 0.052806324110671994
5 0.4739420935412027 0.5815415019762845 0.023608017817371988 0.03581027667984191
5 0.5128062360801782 0.5813438735177866 0.01893095768374165 0.039367588932806244
5 0.5573496659242761 0.5827272727272728 0.01893095768374165 0.04608695652173923
2 0.22962138084632516 0.6742292490118578 0.02939866369710465 0.0433399209486165
2 0.2762806236080178 0.6793873517786561 0.035857461024498875 0.04571146245059288