2 0.13407572383073496 0.5754150197628459 0.05657015590200447 0.06703557312252956
2 0.1974387527839644 0.5708695652173913 0.05634743875278399 0.05397233201581017
1 0.3062360801781737 0.552094861660079 0.031180400890868598 0.05990118577075088
2 0.35122494432071266 0.5613833992094862 0.023162583518930906 0.03500000000000007
2 0.5456570155902004 0.7687351778656126 0.22048997772828507 0.36673913043478246
2 0.6571269487750557 0.634110671936759 0.07594654788418713 0.11725296442687755
2 0.8175946547884188 0.7357312252964426 0.23429844097995556 0.28094861660079046
2 0.7632516703786191 0.5904347826086956 0.0810690423162583 0.049644268774703564
2 0.9571269487750557 0.6216600790513834 0.08351893095768374 0.07256916996047436
6 0.693652561247216 0.7554743083003952 0.024276169265033357 0.09911067193675885
6 0.746325167037862 0.8100395256916996 0.02939866369710478 0.12916996047430832
3 0.18930957683741648 0.7092292490118577 0.051224944320712694 0.15679841897233207
3 0.3187082405345211 0.661798418972332 0.02939866369710465 0.1093478260869566
3 0.3841870824053452 0.643596837944664 0.026726057906458798 0.08879446640316195
3 0.4212694877505568 0.62699604743083 0.018485523385300694 0.07138339920948618
3 0.4418708240534521 0.610592885375494 0.021826280623608044 0.05043478260869562
0 0.4247216035634744 0.5115612648221345 0.0721603563474387 0.07768774703557307
5 0.44788418708240535 0.4688735177865613 0.020489977728285053 0.039723320158102815
5 0.4905345211581292 0.47025691699604744 0.02783964365256125 0.046442687747035576
5 0.5387527839643653 0.47203557312252964 0.024053452115812942 0.04604743083003955