6 0.7498886414253897 0.8616205533596838 0.0365256124721603 0.1335177865612647
6 0.8364142538975501 0.9320158102766799 0.03808463251670384 0.13596837944664023
2 0.8697104677060133 0.8282608695652174 0.26057906458797325 0.3434782608695651
2 0.9593541202672605 0.6558498023715416 0.08129175946547884 0.057964426877470436
2 0.7083518930957684 0.7222727272727273 0.14276169265033412 0.1908102766798418
2 0.6353006681514477 0.659407114624506 0.05902004454342984 0.07298418972332006
2 0.532293986636971 0.798399209486166 0.22048997772828507 0.35488142292490105
2 0.031180400890868598 0.6230434782608696 0.062360801781737196 0.07928853754940712
2 0.21414253897550112 0.6175098814229248 0.04075723830734969 0.05241106719367585
2 0.2924276169265034 0.6143478260869566 0.039198218262806256 0.04608695652173923
2 0.3935412026726058 0.6194861660079051 0.0632516703786191 0.04845849802371538
2 0.4593541202672606 0.6159288537549408 0.01893095768374165 0.03343873517786553
3 0.20289532293986637 0.7531225296442687 0.04721603563474385 0.15760869565217392
3 0.3233853006681514 0.703300395256917 0.025389755011135808 0.10541501976284591
3 0.3857461024498886 0.67899209486166 0.025389755011135808 0.06863636363636368
3 0.42238307349665927 0.6669367588932806 0.016258351893095793 0.06428853754940705
3 0.44298440979955456 0.6546640316205533 0.019599109131403142 0.047687747035573116
5 0.44922048997772823 0.517094861660079 0.023162583518930906 0.025494071146245013
5 0.48975501113585745 0.516501976284585 0.03296213808463254 0.03618577075098809
5 0.5412026726057907 0.515909090909091 0.024498886414253896 0.031027667984189756