2 0.17928730512249444 0.5556521739130436 0.035634743875278395 0.04330039525691693
2 0.22071269487750556 0.5621739130434782 0.05077951002227174 0.052391304347826066
2 0.32093541202672604 0.5633596837944664 0.024944320712694854 0.031047430830039597
1 0.31781737193763915 0.5333003952569171 0.027616926503340706 0.034209486166007795
1 0.3721603563474387 0.5368774703557313 0.03830734966592425 0.06503952569169955
2 0.5418708240534521 0.6817588932806324 0.15501113585746107 0.25602766798418963
2 0.6103563474387528 0.5977470355731225 0.04476614699331854 0.07612648221343869
2 0.706792873051225 0.6521146245059289 0.13518930957683753 0.1730039525691699
2 0.97271714922049 0.6074308300395257 0.05456570155902005 0.07573122529644279
3 0.15623608017817373 0.7224703557312253 0.058574610244988876 0.18725296442687747
3 0.31481069042316256 0.6590316205533597 0.0371937639198218 0.11171936758893275
3 0.3874164810690423 0.6299604743083004 0.030957683741648055 0.08128458498023715
3 0.40167037861915367 0.5943873517786561 0.014922048997772804 0.04173913043478262
3 0.4298440979955457 0.617707509881423 0.024498886414253896 0.06466403162055341
3 0.45300668151447665 0.6030830039525692 0.017371937639198243 0.05913043478260861
3 0.46848552338530064 0.5912252964426878 0.014922048997772804 0.03541501976284577
5 0.4586859688195991 0.4491106719367589 0.022048997772828458 0.04762845849802376
5 0.5035634743875278 0.4562252964426877 0.024944320712694854 0.04604743083003955
5 0.549554565701559 0.46017786561264823 0.025612472160356347 0.053952569169960496