6 0.7217149220489978 0.8892885375494072 0.03585746102449894 0.10982213438735187
6 0.7760579064587974 0.9410869565217391 0.037639198218262754 0.11063241106719371
2 0.8518930957683741 0.8616403162055336 0.267260579064588 0.2758498023715416
2 0.9515590200445434 0.7317588932806324 0.09688195991091314 0.06747035573122527
2 0.6865256124721604 0.7776284584980238 0.09910913140311804 0.14337944664031613
2 0.6265033407572383 0.7307707509881423 0.048106904231625884 0.06944664031620551
2 0.5413140311804009 0.8114229249011857 0.15612472160356353 0.24658102766798415
2 0.037305122494432075 0.7110079051383399 0.07461024498886415 0.07735177865612645
2 0.08685968819599109 0.6953952569169961 0.0378619153674833 0.057964426877470436
3 0.013919821826280624 0.8954347826086956 0.02783964365256125 0.18926877470355727
3 0.2893095768374165 0.7954150197628459 0.03296213808463254 0.12361660079051374
3 0.37360801781737196 0.7641699604743083 0.030066815144766147 0.08488142292490128
3 0.42037861915367486 0.752707509881423 0.025612472160356347 0.06984189723320164
3 0.4489977728285078 0.7378853754940712 0.01826280623608015 0.05205533596837951
2 0.37405345211581287 0.695197628458498 0.048775055679287256 0.04571146245059288
2 0.2398663697104677 0.6890711462450593 0.04097995545657017 0.04531620553359674
2 0.28596881959910914 0.6955928853754941 0.03073496659242764 0.03859683794466398
5 0.46915367483296216 0.5983399209486165 0.029621380846325193 0.03383399209486167
5 0.5126948775055679 0.5987351778656126 0.029844097995545608 0.04252964426877467
5 0.5585746102449889 0.5983399209486165 0.023608017817371988 0.03383399209486167