2 0.17416481069042317 0.5669169960474308 0.03875278396436527 0.04606719367588922
2 0.2139198218262806 0.5677075098814229 0.044766146993318476 0.047648221343873545
2 0.29922048997772827 0.568300395256917 0.023830734966592403 0.03697628458498031
1 0.3047884187082405 0.5487351778656127 0.0305122494432071 0.0413241106719367
2 0.3467706013363029 0.5623715415019763 0.023162583518930906 0.03302371541501983
1 0.38162583518930954 0.5453754940711462 0.019376391982182602 0.054367588932806306
2 0.537750556792873 0.7495652173913043 0.22026726057906454 0.3481422924901185
2 0.6403118040089086 0.6230434782608696 0.066815144766147 0.1109288537549407
2 0.8702672605790646 0.789901185770751 0.2594654788418708 0.3813636363636364
6 0.7418708240534522 0.8094466403162055 0.02939866369710478 0.12403162055335967
6 0.8281737193763921 0.9037351778656126 0.052783964365256224 0.18215415019762837
3 0.18674832962138083 0.7068577075098814 0.0527839643652561 0.15205533596837933
3 0.3160356347438753 0.66100790513834 0.04187082405345214 0.10776679841897228
3 0.38329621380846324 0.6380632411067194 0.024944320712694854 0.0935375494071147
3 0.4211581291759465 0.6212648221343874 0.020489977728285053 0.06387351778656136
0 0.42182628062360805 0.5058300395256917 0.07082405345211584 0.0701778656126482
5 0.4465478841870824 0.4641304347826087 0.017817371937639197 0.04604743083003955
5 0.489086859688196 0.4623517786561265 0.01826280623608015 0.046442687747035576
5 0.5374164810690424 0.46768774703557314 0.02138084632516709 0.045256916996047385