3 0.18897550111358574 0.7062648221343873 0.0483296213808463 0.1627272727272728
3 0.3180400890868597 0.661798418972332 0.032516703786191585 0.1093478260869566
3 0.38440979955456567 0.6374703557312253 0.02271714922048995 0.08839920948616604
3 0.4209354120267261 0.6238339920948617 0.015590200445434299 0.06505928853754933
3 0.4413140311804009 0.6125691699604743 0.014031180400890894 0.04648221343873514
2 0.07683741648106904 0.5781818181818182 0.07126948775055679 0.06466403162055341
2 0.14064587973273943 0.5724505928853756 0.04521158129175946 0.05715415019762838
2 0.18329621380846325 0.568102766798419 0.034743875278396424 0.04053359683794465
1 0.3048997772828508 0.5526877470355732 0.028507795100222742 0.04922924901185764
2 0.3405345211581292 0.5637549407114625 0.019599109131403142 0.023932806324110698
2 0.5385300668151448 0.7594466403162055 0.23296213808463256 0.3758300395256916
2 0.7868596881959912 0.7252569169960474 0.21737193763919826 0.2639328063241106
2 0.6438752783964365 0.6277865612648221 0.07394209354120278 0.10460474308300385
2 0.9571269487750557 0.6161264822134387 0.08574610244988864 0.07731225296442688
2 0.7544543429844098 0.5819367588932806 0.07906458797327394 0.04450592885375491
5 0.4463251670378619 0.46847826086956523 0.021826280623608044 0.0310276679841897
5 0.49120267260579065 0.46630434782608693 0.02472160356347444 0.038537549407114624
5 0.5389755011135857 0.47045454545454546 0.0200445434298441 0.04288537549407112