2 0.036191536748329624 0.5819367588932806 0.07238307349665925 0.0919367588932806
2 0.17806236080178175 0.5692885375494071 0.04877505567928732 0.05081027667984197
1 0.3051224944320713 0.5509090909090909 0.024498886414253896 0.049624505928853785
1 0.3285077951002227 0.5643478260869565 0.022271714922048998 0.02907114624505936
2 0.5409799554565702 0.7645849802371542 0.23340757238307352 0.378201581027668
2 0.7532293986636971 0.6975691699604744 0.1812917594654788 0.20859683794466394
2 0.6342984409799555 0.6254150197628459 0.050334075723830786 0.09986166007905133
6 0.6973273942093542 0.7542885375494072 0.020489977728285178 0.08883399209486174
6 0.6634743875278396 0.720889328063241 0.015144766146993217 0.07339920948616598
2 0.9560133630289532 0.6111857707509881 0.08797327394209355 0.07138339920948618
2 0.7538975501113586 0.5803557312252965 0.0801781737193764 0.041343873517786484
2 0.36080178173719374 0.5611857707509881 0.0200445434298441 0.02274703557312251
3 0.18786191536748328 0.7090316205533597 0.0505567928730512 0.16035573122529642
3 0.31737193763919824 0.6586363636363636 0.035634743875278395 0.10302371541501976
3 0.3848552338530067 0.6392490118577074 0.023608017817371988 0.0880039525691699
3 0.4198218262806236 0.6159288537549408 0.017817371937639197 0.06505928853754933
3 0.4416481069042317 0.6086166007905138 0.01692650334075729 0.05438735177865609
0 0.4250556792873051 0.5089920948616601 0.0661469933184855 0.076501976284585
5 0.4481069042316258 0.46768774703557314 0.025389755011135808 0.02944664031620549
5 0.49097995545657014 0.46630434782608693 0.019821826280623556 0.038537549407114624
5 0.5385300668151448 0.46768774703557314 0.019153674832962188 0.045256916996047385