2 0.17839643652561246 0.5621739130434782 0.04276169265033405 0.052391304347826066
2 0.283184855233853 0.5667193675889328 0.03630289532293989 0.049624505928853785
2 0.5354120267260579 0.7647826086956522 0.24454342984409802 0.39045454545454533
2 0.6906458797327395 0.6592292490118576 0.12293986636971056 0.1714229249011858
2 0.9548997772828508 0.6159288537549408 0.09020044543429843 0.08086956521739122
2 0.7224944320712694 0.576403162055336 0.04053452115812928 0.033418972332015746
0 0.42271714922049003 0.5089920948616601 0.07260579064587978 0.076501976284585
3 0.18786191536748328 0.7058695652173913 0.0505567928730512 0.15403162055335956
3 0.31726057906458793 0.6560671936758894 0.037639198218262754 0.10183794466403157
3 0.38318485523385304 0.6372727272727272 0.026948775055679337 0.09195652173913038
3 0.42026726057906455 0.6175098814229248 0.01870824053452111 0.06822134387351775
3 0.44265033407572385 0.6076284584980237 0.01670378619153675 0.05636363636363633
5 0.44699331848552337 0.46215415019762845 0.01870824053452111 0.03418972332015813
5 0.4917594654788419 0.4651185770750988 0.023608017817371988 0.04407114624505931
5 0.5378619153674833 0.4661067193675889 0.022271714922048998 0.04209486166007907
2 0.33697104677060136 0.5605928853754941 0.02138084632516709 0.033418972332015746
2 0.31258351893095765 0.5550592885375495 0.020712694877505593 0.038162055335968274
2 0.3643652561247216 0.5592094861660079 0.01826280623608015 0.026699604743082986