6 0.8346325167037862 0.9458498023715416 0.034521158129175944 0.10830039525691691
3 0.9159242761692651 0.8549407114624507 0.16815144766146994 0.29011857707509875
3 0.05478841870824054 0.6606126482213438 0.1020044543429844 0.08326086956521739
2 0.6579064587973273 0.719703557312253 0.09755011135857451 0.14217391304347815
2 0.532293986636971 0.6839328063241107 0.06904231625835189 0.12201581027667986
3 0.4341870824053452 0.6762252964426878 0.017594654788418658 0.055197628458497926
2 0.9330734966592428 0.670494071146245 0.07995545657015585 0.07930830039525691
2 0.852783964365256 0.6669169960474308 0.0730512249443206 0.048478260869565165
2 0.21447661469933185 0.6451778656126482 0.052561247216035625 0.044525691699604686
2 0.2576837416481069 0.6408300395256917 0.03207126948775057 0.04371541501976285
3 0.33697104677060136 0.711403162055336 0.030289532293986687 0.08604743083003945
3 0.4017817371937639 0.6835375494071146 0.021826280623608044 0.06586956521739139
3 0.45812917594654784 0.6704743083003952 0.014253897550111309 0.047687747035573116
0 0.4714922048997773 0.5935968379446641 0.04988864142538971 0.05596837944664042