2 0.04732739420935412 0.5732411067193676 0.09465478841870824 0.12197628458498029
2 0.20734966592427614 0.5720553359683794 0.04721603563474385 0.048438735177865594
2 0.2716035634743875 0.5738339920948616 0.03986636971046772 0.04804347826086946
2 0.3071269487750557 0.5605928853754941 0.03296213808463254 0.033418972332015746
2 0.3665924276169265 0.5629644268774704 0.02271714922048995 0.022351778656126375
2 0.5438752783964365 0.7701185770750988 0.23474387527839638 0.37345849802371545
2 0.6790645879732738 0.6499407114624506 0.09977728285077941 0.14887351778656135
2 0.8619153674832962 0.7691304347826087 0.27616926503340755 0.31217391304347836
2 0.9671492204899778 0.6117786561264822 0.06570155902004454 0.06071146245059294
2 0.7555679287305123 0.5868774703557312 0.07683741648106904 0.05043478260869562
6 0.7169265033407571 0.7784189723320158 0.024053452115812817 0.12915019762845853
6 0.7832962138084633 0.8507509881422926 0.04097995545657011 0.15525691699604732
3 0.1913140311804009 0.7084387351778657 0.05968819599109134 0.15521739130434775
3 0.31893095768374163 0.6602173913043479 0.03429844097995541 0.10618577075098817
3 0.3866369710467706 0.635889328063241 0.027171492204899752 0.08523715415019761
3 0.42227171492204896 0.6246245059288538 0.01826280623608015 0.06664031620553365
3 0.44465478841870826 0.6119762845849803 0.016258351893095793 0.05715415019762838
5 0.4479955456570156 0.46768774703557314 0.018485523385300694 0.02944664031620549
5 0.4910913140311804 0.4706521739130435 0.026726057906458798 0.03932806324110667
5 0.5383073496659243 0.46926877470355727 0.023162583518930906 0.04841897233201581