6 0.7453229398663697 0.8904743083003952 0.029621380846325065 0.12009881422924898
6 0.8138084632516703 0.9428853754940711 0.026280623608017716 0.11422924901185762
2 0.8680400890868597 0.8470355731225296 0.2639198218262806 0.3059288537549406
2 0.9799554565701559 0.69401185770751 0.0400890868596882 0.08288537549407103
2 0.8870824053452117 0.6902569169960474 0.09710467706013368 0.05559288537549406
2 0.05857461024498887 0.6799802371541502 0.09888641425389755 0.08247035573122533
2 0.13775055679287304 0.6617786561264822 0.07060133630289533 0.06191699604743091
2 0.20556792873051224 0.6554545454545455 0.052561247216035625 0.049268774703557214
2 0.5346325167037862 0.7230632411067194 0.08930957683741653 0.14494071146245066
2 0.6680400890868596 0.7341304347826088 0.09331848552338524 0.13547430830039517
2 0.6089086859688195 0.6944071146245059 0.044097995545656916 0.07577075098814236
2 0.26948775055679286 0.6552569169960475 0.0334075723830735 0.03701581027667988
3 0.27204899777282854 0.7590316205533597 0.031848552338530095 0.11413043478260869
3 0.37338530066815145 0.7189130434782608 0.025167037861915393 0.07735177865612645
3 0.41648106904231624 0.7090316205533597 0.015590200445434299 0.06549407114624503
3 0.44777282850779515 0.6965810276679842 0.01358574610244994 0.05243083003952564
3 0.4667037861915368 0.6942094861660079 0.01135857461024504 0.03187747035573121
0 0.46648106904231623 0.6127667984189723 0.05100222717149215 0.0587351778656127