2 0.1787305122494432 0.5613833992094862 0.05456570155902005 0.05081027667984197
2 0.27928730512249444 0.5621739130434782 0.03518930957683744 0.03658102766798417
1 0.30612472160356347 0.5457707509881423 0.03318485523385296 0.04725296442687741
1 0.3413140311804009 0.5598023715415019 0.02338530066815145 0.03183794466403165
1 0.37806236080178174 0.5414229249011857 0.030066815144766147 0.06227272727272726
2 0.5326280623608018 0.7284189723320158 0.18775055679287309 0.31770750988142293
2 0.6250556792873051 0.6151383399209486 0.05634743875278386 0.1109288537549407
2 0.8280623608017817 0.7388932806324111 0.27750556792873055 0.3030830039525692
6 0.6963251670378618 0.7604150197628459 0.029621380846325065 0.12084980237154146
6 0.7495545657015591 0.805494071146245 0.033630289532294036 0.1319367588932806
2 0.9576837416481069 0.6052569169960474 0.08463251670378619 0.0674308300395257
3 0.1866369710467706 0.6973715415019763 0.05478841870824052 0.14889328063241114
3 0.31737193763919824 0.653102766798419 0.035634743875278395 0.10776679841897228
3 0.38496659242761694 0.6321343873517787 0.021603563474387504 0.07377470355731233
3 0.42160356347438754 0.6155335968379446 0.02138084632516709 0.05636363636363633
3 0.4417594654788419 0.6066403162055336 0.014922048997772804 0.04252964426877467
3 0.456347438752784 0.5941897233201582 0.010690423162583545 0.045296442687746956
5 0.4471046770601336 0.45642292490118574 0.025612472160356347 0.042490118577075096
5 0.4905345211581292 0.4599802371541502 0.02783964365256125 0.04169960474308305
5 0.5403118040089087 0.46294466403162055 0.02271714922048995 0.05158102766798423