6 0.7257238307349666 0.896403162055336 0.02605790645879743 0.10824110671936756
6 0.7828507795100222 0.941897233201581 0.031180400890868598 0.11620553359683786
2 0.8565701559020045 0.8535375494071146 0.27216035634743885 0.27938735177865615
2 0.955456570155902 0.735909090909091 0.08908685968819599 0.07181818181818188
2 0.6939866369710468 0.781185770750988 0.10734966592427628 0.14258893280632406
2 0.6342984409799555 0.7368972332015811 0.050334075723830786 0.06984189723320164
2 0.5428730512249443 0.8246640316205534 0.17260579064587972 0.26120553359683785
3 0.28017817371937637 0.8035177865612648 0.04587973273942092 0.1200790513833992
3 0.3679287305122494 0.7746442687747036 0.025389755011135808 0.10187747035573114
3 0.41726057906458797 0.7511264822134387 0.028285077951002203 0.06667984189723322
3 0.44922048997772823 0.7420355731225297 0.014253897550111309 0.056403162055335895
2 0.38329621380846324 0.7021146245059288 0.05167037861915365 0.047687747035573116
2 0.21447661469933185 0.6900592885375494 0.043652561247216025 0.0433399209486165
2 0.2599109131403118 0.7005335968379447 0.02761692650334077 0.044525691699604686
0 0.4472160356347439 0.6412252964426877 0.06815144766146998 0.06824110671936753
5 0.47004454342984414 0.600909090909091 0.022494432071269537 0.03501976284584986
5 0.511804008908686 0.5975494071146246 0.019153674832962188 0.03225296442687757
5 0.5575723830734967 0.5993280632411067 0.023830734966592403 0.031857707509881435
2 0.024498886414253896 0.6942094861660079 0.04899777282850779 0.09513833992094858