2 0.1757238307349666 0.5605928853754941 0.03741648106904234 0.04922924901185764
2 0.23006681514476615 0.568498023715415 0.04810690423162582 0.04922924901185764
2 0.3076837416481069 0.5665217391304348 0.022939866369710495 0.021561264822134326
2 0.3493318485523385 0.56 0.021603563474387504 0.028280632411067087
1 0.30701559020044544 0.5408102766798418 0.0260579064587973 0.0255138339920948
2 0.5387527839643653 0.7572727272727273 0.2200445434298441 0.36752964426877477
2 0.6452115812917595 0.6252173913043478 0.0766146993318485 0.11922924901185779
2 0.8819599109131403 0.8023517786561265 0.23608017817371937 0.3944268774703558
2 0.970489977728285 0.5898418972332016 0.05902004454342984 0.04450592885375491
6 0.773608017817372 0.839486166007905 0.028285077951002328 0.15249011857707503
6 0.8910913140311805 0.9300395256916997 0.05167037861915377 0.1399209486166007
3 0.18930957683741648 0.710810276679842 0.051224944320712694 0.1757905138339922
3 0.32004454342984406 0.6552766798418972 0.032071269487750506 0.10025691699604747
3 0.38530066815144765 0.6317391304347827 0.024498886414253896 0.080889328063241
3 0.42216035634743876 0.6167193675889329 0.02026726057906464 0.06664031620553365
3 0.4407572383073497 0.6052569169960474 0.015144766146993343 0.0516205533596838
3 0.4557906458797327 0.5987351778656126 0.011804008908685994 0.04252964426877467
5 0.4474387527839644 0.4615612648221344 0.019599109131403142 0.04486166007905136
5 0.49287305122494435 0.46669960474308303 0.02138084632516709 0.047233201581027624
5 0.5384187082405345 0.4659090909090909 0.021158129175946547 0.04565217391304352