2 0.15211581291759466 0.6718774703557313 0.06325167037861916 0.05440711462450588
3 0.23273942093541203 0.7853359683794466 0.053452115812917596 0.14693675889328067
3 0.33819599109131404 0.7450000000000001 0.0349665924276169 0.09790513833992087
3 0.39621380846325166 0.7202964426877471 0.024053452115812942 0.06826086956521732
3 0.42850779510022274 0.7147628458498024 0.021826280623608044 0.05719367588932817
2 0.5329621380846326 0.8187549407114625 0.19064587973273947 0.2888735177865612
6 0.7242761692650334 0.8809881422924901 0.03429844097995541 0.10112648221343866
6 0.7894209354120267 0.9312055335968379 0.037639198218262754 0.1145652173913044
2 0.8619153674832962 0.8450592885375494 0.27616926503340755 0.3098814229249011
2 0.9521158129175946 0.7023122529644269 0.0957683741648107 0.05996047430830046
2 0.6955456570155902 0.7531027667984189 0.11492204899777288 0.141798418972332
2 0.6222717149220489 0.703102766798419 0.05300668151447652 0.07735177865612645
2 0.388641425389755 0.6663241106719368 0.062360801781737196 0.0433399209486165
5 0.45311804008908685 0.5641501976284584 0.024276169265033357 0.0326284584980237
5 0.4955456570155902 0.5671146245059289 0.017817371937639197 0.04250988142292488
5 0.5469933184855233 0.5631620553359683 0.03608017817371935 0.03460474308300394
2 0.2804008908685969 0.659802371541502 0.03296213808463254 0.03424901185770759