2 0.18151447661469933 0.5874703557312253 0.05790645879732739 0.055573122529644275
2 0.31057906458797324 0.5876679841897233 0.03318485523385296 0.03620553359683804
1 0.32717149220489977 0.5675098814229249 0.028507795100222742 0.05120553359683788
1 0.37516703786191535 0.5592094861660079 0.037639198218262754 0.05832015810276678
2 0.5452115812917595 0.6969762845849803 0.13942093541202677 0.2192687747035574
2 0.6145879732739421 0.6210671936758894 0.039866369710467656 0.0832411067193676
2 0.6968819599109131 0.6681225296442688 0.10868596881959901 0.15363636363636365
2 0.9860801781737194 0.6394466403162056 0.02783964365256125 0.05282608695652177
3 0.12193763919821826 0.7697233201581029 0.061247216035634745 0.19083003952569158
3 0.30846325167037864 0.6894664031620553 0.044543429844097995 0.11727272727272733
3 0.39220489977728284 0.66100790513834 0.024944320712694854 0.09195652173913038
3 0.40612472160356344 0.6246245059288538 0.014922048997772804 0.050830039525691754
3 0.4368596881959911 0.6426086956521739 0.022939866369710495 0.0749604743083003
3 0.46002227171492205 0.634110671936759 0.01581291759465484 0.05399209486166018
3 0.47594654788418705 0.6192885375494072 0.014253897550111309 0.03620553359683804
5 0.4665924276169265 0.4809288537549407 0.022271714922048998 0.05988142292490121
5 0.5140311804008909 0.48409090909090907 0.023608017817371988 0.06620553359683795
5 0.5614699331848553 0.4823122529644269 0.024944320712694854 0.05079051383399213