6 0.7312917594654789 0.8770355731225296 0.023830734966592527 0.1090316205533596
6 0.789977728285078 0.931403162055336 0.0365256124721603 0.12681818181818175
2 0.8596881959910914 0.8470355731225296 0.2806236080178174 0.3059288537549406
2 0.9084632516703786 0.6965810276679842 0.1042316258351892 0.05243083003952564
2 0.6743875278396437 0.7424308300395257 0.10378619153674838 0.14416996047430838
2 0.6133630289532294 0.6983596837944664 0.044097995545656916 0.0836758893280633
2 0.5357461024498886 0.7463833992094862 0.10489977728285083 0.16788537549407123
2 0.028953229398663696 0.6809683794466403 0.05790645879732739 0.09630434782608699
2 0.1467706013363029 0.6590118577075098 0.06859688195991093 0.048478260869565165
2 0.24365256124721604 0.6631620553359684 0.04409799554565704 0.03701581027667988
3 0.2183741648106904 0.7898814229249012 0.05367483296213807 0.14416996047430838
3 0.35423162583518936 0.7382806324110672 0.031403118040089134 0.09237154150197631
3 0.40512249443207127 0.7218774703557312 0.024053452115812942 0.07142292490118575
3 0.43897550111358574 0.7076482213438735 0.020489977728285053 0.05877470355731227
3 0.4621380846325167 0.7023122529644269 0.013363028953229399 0.04413043478260878
5 0.4730512249443207 0.5744268774703558 0.021826280623608044 0.03737154150197622
5 0.5115812917594654 0.5801581027667985 0.023162583518930906 0.02907114624505936
5 0.5567928730512249 0.5785770750988142 0.0200445434298441 0.04173913043478262