2 0.10389755011135857 0.5688932806324111 0.08307349665924275 0.07375494071146255
2 0.2366369710467706 0.5708695652173913 0.036748329621380846 0.038162055335968274
2 0.20334075723830736 0.5692885375494071 0.021380846325167024 0.03500000000000007
2 0.2938752783964365 0.5732411067193676 0.030957683741648086 0.04290513833992102
1 0.3085746102449889 0.5534782608695652 0.02472160356347444 0.03500000000000007
2 0.5418708240534521 0.7661660079051383 0.22628062360801787 0.36555335968379454
2 0.6857461024498885 0.6570553359683795 0.1042316258351892 0.147292490118577
2 0.8646993318485523 0.7703162055335968 0.27060133630289535 0.32247035573122523
6 0.7297327394209354 0.7908695652173913 0.025167037861915265 0.11057312252964435
6 0.8006681514476615 0.8602371541501975 0.0400890868596882 0.14262845849802364
2 0.9615812917594655 0.6084189723320158 0.07683741648106904 0.05794466403162065
2 0.7575723830734966 0.5908300395256917 0.07639198218262797 0.04252964426877467
2 0.37271714922049 0.5633596837944664 0.019376391982182602 0.031047430830039597
3 0.1915367483296214 0.7171343873517787 0.0467706013363029 0.15679841897233207
3 0.31993318485523387 0.661205533596838 0.03407572383073499 0.10420948616600795
3 0.38496659242761694 0.6378656126482213 0.021603563474387504 0.08128458498023715
3 0.42327394209354124 0.626205533596838 0.01804008908685974 0.06980237154150208
3 0.4416481069042317 0.6123715415019763 0.01692650334075729 0.050039525691699706
0 0.42683741648106904 0.5121541501976284 0.06971046770601338 0.06701581027667979
5 0.44922048997772823 0.4706521739130435 0.023162583518930906 0.03932806324110667
5 0.4925389755011136 0.46867588932806326 0.02739420935412029 0.04328063241106715
5 0.5413140311804009 0.46828063241106715 0.022494432071269537 0.05039525691699605