6 0.7226057906458797 0.8705138339920949 0.019821826280623556 0.09992094861660068
6 0.7775055679287306 0.9321936758893281 0.02939866369710478 0.11258893280632416
2 0.855011135857461 0.8480039525691699 0.27349665924276156 0.2841304347826087
2 0.9253897550111359 0.7084387351778657 0.10244988864142539 0.06035573122529637
2 0.6785077951002226 0.7507312252964427 0.10089086859688186 0.1370553359683795
2 0.6206013363028953 0.7131818181818181 0.04743875278396426 0.06984189723320164
2 0.5376391982182628 0.7618181818181818 0.11536748329621384 0.1908102766798418
2 0.08897550111358575 0.6691106719367589 0.07550111358574611 0.05677865612648225
3 0.16770601336302896 0.8183399209486165 0.04810690423162582 0.16948616600790511
3 0.33763919821826277 0.7548814229249012 0.027171492204899752 0.10978260869565208
3 0.3965478841870824 0.7355138339920949 0.026948775055679337 0.07893280632411055
3 0.4345211581291759 0.7232608695652174 0.020489977728285053 0.06233201581027661
3 0.45946547884187083 0.710810276679842 0.01692650334075729 0.04928853754940722
0 0.45712694877505566 0.6218577075098815 0.05902004454342984 0.0690118577075098
5 0.47360801781737194 0.5827272727272728 0.020712694877505593 0.030256916996047323
5 0.5138084632516704 0.5809486166007904 0.01870824053452111 0.03065217391304346
5 0.5566815144766146 0.5807509881422925 0.022048997772828458 0.034209486166007795