6 0.7334075723830735 0.8817786561264822 0.02138084632516709 0.11851778656126488
6 0.7947661469933185 0.9379446640316206 0.03051224944320723 0.1241106719367588
2 0.8658129175946548 0.8507707509881424 0.26837416481069043 0.2975889328063242
2 0.9040089086859687 0.6916403162055337 0.09532293986636961 0.046501976284584925
2 0.6700445434298441 0.7442094861660079 0.10178173719376402 0.12796442687747037
2 0.613140311804009 0.6969762845849803 0.048106904231625884 0.07695652173913031
2 0.5359688195991091 0.7386758893280632 0.10089086859688198 0.1643280632411067
2 0.05311804008908686 0.6746442687747035 0.08975501113585746 0.08365612648221352
2 0.16547884187082404 0.660197628458498 0.07037861915367483 0.058754940711462485
2 0.2572383073496659 0.6621739130434783 0.0400890868596882 0.038992094861660116
3 0.23652561247216036 0.7764426877470355 0.03875278396436527 0.133102766798419
3 0.35835189309576837 0.7327470355731225 0.028507795100222742 0.08130434782608693
3 0.40824053452115816 0.7173320158102767 0.02138084632516709 0.058379446640316135
3 0.4406458797327394 0.7070553359683794 0.017149220489977704 0.05363636363636361
3 0.4653674832962138 0.7011264822134387 0.017594654788418658 0.04966403162055335
5 0.47594654788418705 0.5734387351778657 0.014253897550111309 0.03934782608695646
5 0.5126948775055679 0.5756126482213438 0.020935412026726007 0.03183794466403165
5 0.5546770601336303 0.5736363636363636 0.022494432071269537 0.03579051383399212