2 0.04242761692650334 0.66100790513834 0.08440979955456569 0.09195652173913038
6 0.8193763919821826 0.9359683794466404 0.032962138084632414 0.12806324110671927
2 0.9053452115812918 0.857905138339921 0.18930957683741648 0.284189723320158
2 0.9383073496659243 0.6714822134387352 0.08374164810690428 0.07733201581027667
2 0.8517817371937639 0.6667193675889328 0.08218262806236075 0.052035573122529724
2 0.6570155902004454 0.7210869565217392 0.0957683741648107 0.13308300395256922
2 0.532739420935412 0.686699604743083 0.0699331848552338 0.11964426877470348
2 0.20334075723830736 0.6459683794466403 0.05701559020044542 0.04610671936758901
2 0.25011135857461025 0.643596837944664 0.034743875278396424 0.041343873517786484
3 0.33184855233853006 0.711600790513834 0.024498886414253896 0.08249011857707511
3 0.4002227171492205 0.6890711462450593 0.023162583518930906 0.07693675889328053
3 0.4318485523385301 0.6785968379446641 0.015144766146993343 0.059940711462450676
3 0.457238307349666 0.6738537549407115 0.01247216035634749 0.0504545454545454
0 0.46993318485523383 0.5979446640316206 0.051224944320712694 0.056758893280632466