6 0.8804008908685969 0.9596837944664032 0.039198218262806284 0.08063241106719359
2 0.9298440979955457 0.874703557312253 0.1403118040089087 0.25059288537549396
2 0.6527839643652562 0.7163438735177866 0.09175946547884198 0.13940711462450586
2 0.9189309576837417 0.662588932806324 0.07616926503340768 0.07930830039525691
2 0.839532293986637 0.6586166007905138 0.07995545657015585 0.05559288537549406
2 0.11046770601336303 0.6447826086956522 0.08953229398663698 0.06745059288537548
2 0.23630289532293985 0.6345059288537549 0.04276169265033405 0.04687747035573128
3 0.34799554565701557 0.6983596837944664 0.02783964365256125 0.0836758893280633
3 0.4081291759465479 0.6795849802371542 0.02338530066815145 0.057964426877470436
3 0.4361915367483296 0.6734584980237154 0.017149220489977704 0.0575691699604743
3 0.4592427616926503 0.6651383399209486 0.012026726057906409 0.0488735177865613
0 0.4714922048997773 0.5902371541501977 0.04988864142538971 0.0532015810276679
2 0.5311804008908686 0.6774110671936758 0.07126948775055679 0.11292490118577073