2 0.059465478841870825 0.5811462450592886 0.05434298440979955 0.0587351778656127
2 0.12104677060133631 0.5775889328063241 0.06837416481069043 0.059525691699604755
2 0.18262806236080179 0.5720553359683794 0.0467706013363029 0.048438735177865594
1 0.30534521158129174 0.5509090909090909 0.02939866369710465 0.049624505928853785
2 0.3395322939866369 0.5625691699604743 0.019821826280623556 0.029466403162055274
2 0.5413140311804009 0.7695256916996047 0.2363028953229399 0.3683201581027668
2 0.6438752783964365 0.6299604743083004 0.07394209354120278 0.09709486166007904
2 0.7785077951002227 0.7228853754940711 0.2162583518930958 0.25918972332015805
6 0.678173719376392 0.7382806324110672 0.026726057906458798 0.0765612648221344
6 0.7165924276169265 0.7871146245059288 0.030066815144766147 0.11492094861660075
2 0.7560133630289532 0.5819367588932806 0.07772828507795095 0.04450592885375491
2 0.9547884187082405 0.6192885375494072 0.0899777282850779 0.08363636363636373
3 0.18830734966592427 0.7094268774703558 0.051447661469933174 0.15324110671936753
3 0.31781737193763915 0.6580434782608696 0.0365256124721603 0.09788537549407109
3 0.38329621380846324 0.6374703557312253 0.024944320712694854 0.08839920948616604
3 0.4198218262806236 0.6204743083003952 0.017817371937639197 0.062292490118577036
3 0.4398663697104677 0.6096047430830039 0.022271714922048998 0.05241106719367585
5 0.44699331848552337 0.46828063241106715 0.01870824053452111 0.03458498023715415
5 0.4898663697104677 0.4700592885375494 0.022048997772828458 0.050000000000000024
5 0.5393095768374165 0.47341897233201585 0.022939866369710495 0.05276679841897231