2 0.027282850779510023 0.5787747035573123 0.05456570155902005 0.08561264822134397
2 0.177728285077951 0.5692885375494071 0.04587973273942092 0.05081027667984197
1 0.3042316258351893 0.5493280632411067 0.02271714922048995 0.046462450592885354
1 0.3262806236080178 0.5641501976284584 0.026726057906458798 0.0326284584980237
2 0.5394209354120267 0.7661660079051383 0.23474387527839638 0.36555335968379454
2 0.7505567928730512 0.6942094861660079 0.1759465478841871 0.20581027667984186
2 0.6278396436525612 0.6216600790513834 0.059688195991091215 0.10420948616600795
2 0.9548997772828508 0.6137549407114624 0.09020044543429843 0.07256916996047436
2 0.7507795100222717 0.5811462450592886 0.07394209354120278 0.0429249011857708
6 0.6934298440979956 0.7505335968379446 0.01937639198218273 0.09316205533596836
6 0.6593541202672606 0.7147628458498024 0.01804008908685974 0.08881422924901174
3 0.18752783964365258 0.7068577075098814 0.04766146993318487 0.15205533596837933
3 0.31826280623608016 0.6580434782608696 0.028507795100222742 0.09788537549407109
3 0.38429844097995547 0.6356916996047431 0.02472160356347444 0.08879446640316195
3 0.42282850779510023 0.6212648221343874 0.017149220489977704 0.06387351778656136
3 0.4398663697104677 0.60901185770751 0.013363028953229399 0.04727272727272719
0 0.42338530066815144 0.5101778656126482 0.06948775055679285 0.07096837944664025
5 0.44443207126948775 0.4688735177865613 0.02026726057906464 0.039723320158102815
5 0.4880846325167038 0.467094861660079 0.02739420935412029 0.04011857707509884
5 0.5387527839643653 0.4643280632411067 0.015144766146993343 0.042490118577075096