2 0.18028953229398664 0.5623715415019763 0.044320712694877515 0.04883399209486173
2 0.2962138084632517 0.5637549407114625 0.0334075723830735 0.039743083003952594
1 0.3080178173719377 0.5451778656126482 0.025835189309576886 0.04211462450592875
1 0.34454342984409797 0.5609881422924902 0.01870824053452111 0.026304347826086847
1 0.36681514476614696 0.5603952569169961 0.01870824053452111 0.021166007905138413
2 0.5378619153674833 0.7618181818181818 0.22717149220489977 0.36476284584980223
2 0.6997772828507794 0.6653557312252965 0.1278396436525612 0.1718181818181817
2 0.7348552338530067 0.5797628458498024 0.039866369710467656 0.036185770750988035
2 0.955456570155902 0.610395256916996 0.08908685968819599 0.06980237154150208
3 0.18930957683741648 0.7068577075098814 0.051224944320712694 0.15205533596837933
3 0.31915367483296214 0.6576482213438735 0.030289532293986687 0.105
3 0.38374164810690425 0.6343083003952569 0.025835189309576886 0.0820750988142292
3 0.42327394209354124 0.6216600790513834 0.01804008908685974 0.07256916996047436
3 0.4403118040089087 0.6060474308300395 0.014253897550111309 0.0532015810276679
3 0.455902004454343 0.5971541501976285 0.009799554565701508 0.039367588932806244
5 0.44844097995545656 0.4645256916996048 0.019376391982182602 0.03893280632411065
5 0.48975501113585745 0.4674901185770751 0.024053452115812942 0.04881422924901183
5 0.5405345211581292 0.4645256916996048 0.027616926503340706 0.03893280632411065