2 0.026726057906458798 0.5783794466403163 0.053452115812917596 0.09272727272727264
2 0.19665924276169264 0.5781818181818182 0.043652561247216025 0.048853754940711515
2 0.1675946547884187 0.5762055335968379 0.014476614699331848 0.03697628458498031
2 0.25378619153674836 0.5756126482213438 0.03986636971046772 0.04766798418972333
1 0.30434298440979957 0.5578260869565217 0.029621380846325193 0.05160079051383402
2 0.3596881959910913 0.5645454545454546 0.022271714922048998 0.0255138339920948
2 0.5369710467706014 0.772292490118577 0.23429844097995542 0.3659486166007904
2 0.6695991091314031 0.6422332015810277 0.09198218262806226 0.1295059288537549
2 0.8481069042316258 0.7566798418972331 0.27305122494432077 0.2991304347826087
6 0.7085746102449888 0.7762252964426877 0.022939866369710366 0.10503952569169955
6 0.7719376391982183 0.8373122529644269 0.03162583518930968 0.14418972332015817
2 0.9543429844097996 0.6159288537549408 0.09131403118040089 0.06505928853754933
2 0.7535634743875279 0.5906324110671937 0.07728285077951012 0.04608695652173923
3 0.1876391982182628 0.7135770750988142 0.045657015590200446 0.15758893280632413
3 0.3190423162583519 0.6671343873517787 0.03229398663697105 0.10816205533596841
3 0.3828507795100223 0.6404347826086957 0.024053452115812942 0.08247035573122533
3 0.4204899777282851 0.6254150197628459 0.01469933184855239 0.06822134387351775
3 0.44153674832962136 0.6111857707509881 0.01893095768374165 0.055573122529644275
5 0.44554565701559024 0.4688735177865613 0.01804008908685974 0.039723320158102815
5 0.48797327394209356 0.47223320158102766 0.020489977728285053 0.042490118577075096
5 0.5396436525612472 0.4716403162055336 0.025835189309576886 0.03735177865612644