3 0.09599109131403118 0.8600395256916996 0.06503340757238307 0.19361660079051388
6 0.7209354120267261 0.8807905138339921 0.023162583518930906 0.08885375494071153
6 0.7728285077951003 0.9298221343873518 0.0334075723830735 0.12365612648221354
2 0.8513363028953229 0.8462252964426877 0.2594654788418708 0.252905138339921
2 0.9451002227171492 0.7189130434782608 0.10400890868596892 0.06154150197628456
2 0.677728285077951 0.7600197628458498 0.09710467706013368 0.12796442687747037
2 0.6214922048997773 0.7147628458498024 0.049220489977728335 0.05719367588932817
2 0.539086859688196 0.7819762845849803 0.13385300668151454 0.20743083003952575
2 0.02739420935412027 0.6764229249011857 0.05434298440979955 0.05164031620553359
2 0.20801781737193764 0.6872924901185771 0.04409799554565704 0.04571146245059288
2 0.16380846325167037 0.6849209486166008 0.020267260579064576 0.04096837944664035
3 0.3180400890868597 0.7700988142292491 0.032516703786191585 0.10464426877470365
3 0.3878619153674833 0.7477667984189723 0.031848552338530095 0.06391304347826093
3 0.42483296213808464 0.735909090909091 0.025612472160356347 0.05600790513833998
3 0.4541202672605791 0.7246442687747036 0.015144766146993343 0.053241106719367694
5 0.4717149220489978 0.5868774703557312 0.019153674832962188 0.034624505928853716
5 0.5124721603563475 0.592213438735178 0.024944320712694854 0.03343873517786553
5 0.5545657015590201 0.5894466403162055 0.024498886414253896 0.03581027667984191