2 0.10133630289532294 0.5716600790513834 0.0757238307349666 0.07138339920948618
2 0.18062360801781735 0.5605928853754941 0.04721603563474385 0.04922924901185764
2 0.25189309576837415 0.5621739130434782 0.03830734966592425 0.052391304347826066
1 0.3062360801781737 0.5453754940711462 0.031180400890868598 0.054367588932806306
1 0.32839643652561246 0.5605928853754941 0.024276169265033357 0.033418972332015746
1 0.372271714922049 0.5374505928853754 0.02739420935412029 0.054367588932806306
0 0.4244988864142539 0.5014822134387352 0.06726057906458795 0.06938735177865615
5 0.4471046770601336 0.4544466403162055 0.025612472160356347 0.046442687747035576
5 0.4933184855233853 0.45701581027667987 0.022271714922048998 0.04762845849802376
5 0.542761692650334 0.45820158102766795 0.023162583518930906 0.04209486166007907
2 0.5262806236080179 0.7043083003952569 0.17728285077951006 0.27737154150197635
2 0.6122494432071269 0.601304347826087 0.05523385300668141 0.09114624505928855
2 0.7400890868596882 0.686699604743083 0.17728285077951006 0.23033596837944656
2 0.9638084632516704 0.6028853754940712 0.07238307349665925 0.06268774703557317
6 0.6902004454342984 0.7368972332015811 0.024053452115812817 0.08565217391304354
3 0.1759465478841871 0.7064624505928855 0.051224944320712694 0.15916996047430823
3 0.3153674832962138 0.6517193675889328 0.03608017817371935 0.10104743083003952
3 0.38329621380846324 0.6309486166007905 0.024944320712694854 0.07930830039525691
3 0.42316258351893093 0.6167193675889329 0.0200445434298441 0.06664031620553365
3 0.4427616926503341 0.6046640316205533 0.01469933184855239 0.04648221343873514
3 0.45824053452115815 0.5959683794466403 0.012249443207126948 0.04490118577075104