2 0.041648106904231624 0.576600790513834 0.06325167037861915 0.06150197628458499
2 0.11002227171492204 0.5756126482213438 0.06191536748329621 0.06347826086956522
2 0.18051224944320712 0.5669169960474308 0.04031180400890867 0.04606719367588922
1 0.305456570155902 0.552094861660079 0.02739420935412029 0.044090909090908986
2 0.33697104677060136 0.5637549407114625 0.02138084632516709 0.023932806324110698
2 0.543207126948775 0.764387351778656 0.23786191536748333 0.3659486166007904
2 0.7743875278396436 0.7228853754940711 0.2013363028953229 0.25918972332015805
6 0.7150334075723831 0.7764426877470355 0.022494432071269537 0.11729249011857712
6 0.6786191536748329 0.7315612648221345 0.01870824053452111 0.08683794466403151
2 0.9548997772828508 0.6143478260869566 0.09020044543429843 0.06189723320158113
2 0.7571269487750557 0.5827272727272728 0.07550111358574606 0.04608695652173923
2 0.6429844097995545 0.626600790513834 0.0632516703786191 0.11013833992094865
3 0.1866369710467706 0.7094268774703558 0.04587973273942092 0.15324110671936753
3 0.3174832962138085 0.6619960474308301 0.033630289532294036 0.10579051383399204
3 0.38374164810690425 0.6380632411067194 0.025835189309576886 0.07772727272727281
3 0.42182628062360805 0.6222529644268775 0.017371937639198243 0.06189723320158113
3 0.4419821826280623 0.6111857707509881 0.019821826280623556 0.055573122529644275
5 0.44677060133630286 0.47045454545454546 0.013808463251670353 0.027075098814229228
5 0.49153674832962135 0.47124505928853755 0.027616926503340706 0.044466403162055336
5 0.539977728285078 0.47203557312252964 0.019821826280623556 0.04604743083003955