6 0.7199331848552338 0.871501976284585 0.02338530066815145 0.11375494071146235
6 0.7720489977728284 0.9387154150197629 0.029621380846325065 0.12169960474308308
2 0.8459910913140313 0.8588932806324111 0.2755011135857462 0.2822134387351778
2 0.9301781737193764 0.7153557312252965 0.10846325167037872 0.06233201581027661
2 0.6810690423162584 0.7606126482213439 0.09933184855233858 0.133102766798419
2 0.6197104677060133 0.7202964426877471 0.05456570155902005 0.06826086956521732
2 0.5389755011135857 0.7738735177865612 0.12694877505567928 0.19517786561264822
2 0.05077951002227172 0.6746442687747035 0.07706013363028953 0.052035573122529724
3 0.13307349665924276 0.8462055335968379 0.06570155902004454 0.1738537549407115
3 0.3262806236080178 0.7663438735177865 0.035634743875278395 0.10899209486166003
3 0.3933184855233853 0.7428260869565217 0.02271714922048995 0.07379446640316212
3 0.43318485523385303 0.7260276679841897 0.017817371937639197 0.05996047430830046
3 0.4576837416481069 0.7167391304347827 0.013363028953229399 0.053241106719367694
5 0.4726057906458797 0.5835177865612649 0.020935412026726007 0.031857707509881435
5 0.5132516703786191 0.5862845849802372 0.019821826280623556 0.029486166007905056
5 0.5579064587973274 0.5854940711462451 0.017817371937639197 0.02790513833992096
2 0.1983296213808463 0.6805731225296443 0.04922048997772827 0.0401778656126483