2 0.04788418708240535 0.5813438735177866 0.0957683741648107 0.08679841897233194
2 0.17895322939866368 0.5657312252964427 0.041648106904231603 0.05160079051383402
1 0.30356347438752784 0.5524901185770751 0.025835189309576886 0.05278656126482221
2 0.33040089086859686 0.5641501976284584 0.023830734966592403 0.0326284584980237
2 0.5430957683741648 0.7620158102766799 0.23095768374164807 0.36120553359683794
2 0.6379732739420935 0.6192885375494072 0.055456570155901955 0.11527667984189731
2 0.7605790645879733 0.7015217391304348 0.17371937639198218 0.2165019762845849
2 0.760467706013363 0.576600790513834 0.06881959910913135 0.04569169960474309
2 0.9570155902004454 0.618300395256917 0.0855233853006681 0.10144268774703566
3 0.18897550111358574 0.7054743083003953 0.0483296213808463 0.14533596837944657
3 0.3212694877505568 0.6590316205533597 0.036748329621380846 0.09590909090909086
3 0.38530066815144765 0.6426086956521739 0.024498886414253896 0.09077075098814219
3 0.4220489977728285 0.6214624505928853 0.013363028953229399 0.0603162055335968
3 0.44120267260579066 0.6092094861660079 0.016035634743875253 0.04371541501976285
0 0.42561247216035636 0.5087944664031621 0.06503340757238305 0.0642490118577075
5 0.44766146993318484 0.46788537549407117 0.024498886414253896 0.04169960474308305
5 0.4898663697104677 0.466501976284585 0.022048997772828458 0.034980237154150176
5 0.5405345211581292 0.46867588932806326 0.027616926503340706 0.04328063241106715