2 0.05846325167037862 0.6447826086956522 0.08129175946547884 0.06745059288537548
2 0.16224944320712695 0.6315415019762846 0.048329621380846316 0.052806324110671994
2 0.2737193763919822 0.6345059288537549 0.04632516703786194 0.04687747035573128
1 0.3244988864142539 0.6139525691699605 0.023162583518930906 0.0532015810276679
1 0.35801781737193766 0.6074308300395257 0.052338530066815145 0.07573122529644279
2 0.548663697104677 0.7335573122529644 0.121826280623608 0.20938735177865622
2 0.613140311804009 0.659604743083004 0.039198218262806284 0.06942687747035572
2 0.6706013363028954 0.6989525691699605 0.08285077951002237 0.13624505928853745
4 0.7615812917594654 0.6833399209486166 0.06659242761692645 0.037806324110671925
2 0.9599109131403119 0.8984189723320158 0.0801781737193764 0.2031620553359683
6 0.9288418708240535 0.9567193675889328 0.040311804008908735 0.0865612648221343
3 0.016146993318485525 0.8697628458498025 0.03229398663697105 0.26047430830039514
3 0.2730512249443207 0.7655731225296443 0.04944320712694875 0.13903162055335974
3 0.3814031180400891 0.7185177865612649 0.03229398663697105 0.10027667984189725
3 0.40311804008908686 0.6760276679841897 0.015590200445434299 0.058754940711462485
3 0.4349665924276169 0.7019169960474309 0.02138084632516709 0.08288537549407103
3 0.46236080178173716 0.6791897233201581 0.01826280623608015 0.049268774703557214
3 0.477728285077951 0.6746442687747035 0.017817371937639197 0.052035573122529724
5 0.47271714922048996 0.5222332015810277 0.02783964365256125 0.04369565217391307
5 0.5195991091314032 0.5226284584980236 0.02138084632516709 0.052391304347826066
5 0.568596881959911 0.5240118577075098 0.02138084632516709 0.043300395256916986