6 0.7270601336302895 0.8782213438735178 0.019821826280623556 0.10349802371541503
6 0.7860801781737193 0.9389130434782608 0.02650334075723826 0.11814229249011853
2 0.861358574610245 0.8539525691699605 0.27728285077951004 0.292094861660079
2 0.9167037861915368 0.7068577075098814 0.09844097995545667 0.05719367588932817
2 0.6756124721603564 0.7531027667984189 0.09955456570155913 0.141798418972332
2 0.6149220489977729 0.7104150197628459 0.05167037861915377 0.0722134387351778
2 0.5373051224944321 0.7525296442687747 0.11247216035634744 0.18409090909090906
2 0.1289532293986637 0.6647430830039526 0.0775055679287305 0.055988142292490196
2 0.23719376391982183 0.667312252964427 0.035634743875278395 0.04136363636363626
3 0.2046770601336303 0.8017391304347826 0.05077951002227174 0.13628458498023724
3 0.349554565701559 0.7430237154150198 0.02650334075723826 0.08604743083003945
3 0.40378619153674833 0.7270158102766798 0.02138084632516709 0.07379446640316212
3 0.43730512249443204 0.711600790513834 0.014922048997772804 0.050869565217391326
3 0.4635857461024499 0.7042885375494071 0.014031180400890894 0.0401778656126483
5 0.47416481069042316 0.5827272727272728 0.019599109131403142 0.030256916996047323
0 0.46091314031180397 0.6198814229249012 0.05322939866369705 0.041343873517786484
5 0.5135857461024499 0.576403162055336 0.02271714922048995 0.033418972332015746
5 0.5567928730512249 0.5789723320158102 0.0200445434298441 0.03460474308300394