2 0.1824053452115813 0.5779841897233201 0.05968819599109134 0.05241106719367585
2 0.25022271714922045 0.5793675889328064 0.0505567928730512 0.05913043478260861
1 0.3056792873051225 0.5568379446640316 0.03229398663697105 0.05357707509881426
2 0.3596881959910913 0.5643478260869565 0.022271714922048998 0.02907114624505936
2 0.5461024498886414 0.7653754940711462 0.221380846325167 0.3639723320158102
2 0.6685968819599108 0.645197628458498 0.0922048997772828 0.13938735177865608
2 0.8456570155902005 0.7471936758893281 0.2726057906458797 0.2801581027667984
2 0.7538975501113586 0.5912252964426878 0.0801781737193764 0.05122529644268767
2 0.9597995545657015 0.6163241106719368 0.07995545657015585 0.07375494071146255
6 0.7063474387527839 0.7740513833992095 0.018485523385300566 0.0967391304347827
6 0.7675946547884187 0.8327667984189723 0.029621380846325065 0.13114624505928857
2 0.02060133630289532 0.5696837944664032 0.04120267260579064 0.09114624505928855
3 0.18741648106904232 0.7147628458498024 0.04966592427616929 0.16788537549407123
3 0.31681514476614697 0.6645652173913044 0.036748329621380846 0.10697628458498022
3 0.38240534521158126 0.6396442687747036 0.023162583518930906 0.080889328063241
3 0.4183741648106904 0.626205533596838 0.017149220489977704 0.06980237154150208
3 0.43719376391982184 0.6115810276679842 0.01692650334075729 0.04845849802371538
5 0.44465478841870826 0.47243083003952574 0.025167037861915393 0.054743083003952545
5 0.49086859688195994 0.47203557312252964 0.021826280623608044 0.06185770750988145
5 0.5356347438752784 0.47440711462450597 0.017817371937639197 0.05079051383399207