6 0.7278396436525613 0.9005533596837945 0.032516703786191585 0.09677865612648227
6 0.785968819599109 0.9478260869565218 0.03741648106904222 0.10434782608695643
2 0.8619153674832962 0.8638339920948617 0.27616926503340755 0.2723320158102766
2 0.9576837416481069 0.7394664031620554 0.08463251670378619 0.07102766798418961
2 0.6929844097995546 0.7940316205533596 0.09866369710467696 0.16434782608695647
2 0.6328507795100222 0.744802371541502 0.049665924276169164 0.08565217391304354
2 0.5396436525612472 0.8385177865612649 0.18619153674832967 0.2809683794466402
2 0.19398663697104676 0.6934189723320158 0.03830734966592425 0.04610671936758901
2 0.2380846325167038 0.702905138339921 0.04632516703786194 0.03345849802371532
3 0.26837416481069043 0.8114229249011857 0.035634743875278395 0.13588932806324108
3 0.3620267260579065 0.7764229249011858 0.033630289532294036 0.08567193675889333
3 0.416369710467706 0.7582411067193676 0.017594654788418658 0.06509881422924889
3 0.4481069042316258 0.745395256916996 0.016481069042316207 0.059169960474308406
3 0.4661469933184855 0.7353162055335968 0.02138084632516709 0.050869565217391326
2 0.3923162583518931 0.7052766798418972 0.05857461024498889 0.05403162055335975
2 0.4720489977728285 0.6944071146245059 0.030957683741648055 0.04413043478260878
0 0.4515590200445434 0.6424110671936759 0.061247216035634745 0.06270750988142296
5 0.46904231625835185 0.5993280632411067 0.02271714922048995 0.031857707509881435
5 0.5112472160356347 0.6001185770750989 0.02917594654788424 0.03343873517786553
5 0.5629175946547884 0.6003162055335968 0.034521158129175944 0.04569169960474309
2 0.3252783964365256 0.695790513833992 0.026948775055679337 0.035039525691699644