6 0.7494432071269488 0.8641897233201581 0.035634743875278395 0.13472332015810268
6 0.833630289532294 0.9359683794466404 0.05256124721603569 0.12806324110671927
2 0.8680400890868597 0.8292490118577076 0.2639198218262806 0.3415019762845849
2 0.9593541202672605 0.6607905138339921 0.08129175946547884 0.04808300395256925
2 0.852783964365256 0.6349011857707509 0.06057906458797337 0.03976284584980238
2 0.7056792873051225 0.7258300395256917 0.14632516703786203 0.19001976284584976
2 0.63184855233853 0.6653557312252965 0.0587973273942093 0.07693675889328053
2 0.5319599109131403 0.7999802371541502 0.22650334075723827 0.35804347826086946
2 0.03507795100222717 0.6275889328063241 0.07015590200445435 0.07654150197628462
2 0.21714922048997773 0.6240316205533597 0.0400890868596882 0.04569169960474309
2 0.2951002227171492 0.6123715415019763 0.035634743875278395 0.050039525691699706
2 0.3930957683741648 0.6252173913043478 0.07126948775055679 0.040158102766798515
2 0.4590200445434298 0.6151383399209486 0.024944320712694854 0.031857707509881435
3 0.20567928730512247 0.7503359683794467 0.0505567928730512 0.1599802371541503
3 0.32371937639198217 0.7078458498023715 0.0371937639198218 0.1026482213438734
3 0.38608017817371937 0.6855138339920949 0.028285077951002203 0.07772727272727281
3 0.42271714922049003 0.6728656126482214 0.019153674832962188 0.06824110671936753
3 0.44398663697104673 0.6621739130434783 0.019376391982182602 0.05480237154150201
5 0.44565701559020043 0.5202569169960475 0.024944320712694854 0.03183794466403165
5 0.49153674832962135 0.5226284584980236 0.027616926503340706 0.03658102766798417
5 0.5367483296213809 0.5202569169960475 0.024498886414253896 0.047648221343873545