6 0.72271714922049 0.8954150197628458 0.017817371937639197 0.1102173913043478
6 0.7810690423162583 0.9438537549407114 0.0365256124721603 0.10826086956521734
2 0.8466592427616926 0.8572924901185771 0.28129175946547874 0.27503952569169954
2 0.9532293986636972 0.7333399209486166 0.0935412026726058 0.07063241106719369
2 0.6909799554565702 0.771897233201581 0.10801781737193764 0.1358695652173913
2 0.6341870824053452 0.7335375494071147 0.052338530066815145 0.06707509881422913
2 0.5461024498886414 0.8246640316205534 0.1590200445434298 0.26120553359683785
2 0.02783964365256125 0.7013241106719368 0.0556792873051225 0.0777470355731226
2 0.2133630289532294 0.6908498023715415 0.028062360801781726 0.04492094861660083
2 0.2643652561247216 0.6969762845849803 0.03652561247216037 0.04531620553359674
3 0.277728285077951 0.8029249011857706 0.03652561247216037 0.13075098814229244
3 0.3671492204899777 0.770494071146245 0.0305122494432071 0.08171936758893285
3 0.41870824053452116 0.7519169960474309 0.0200445434298441 0.06826086956521732
3 0.4506681514476615 0.7392687747035573 0.014922048997772804 0.05877470355731227
2 0.3850779510022272 0.7009288537549407 0.05523385300668154 0.053221343873517686
0 0.4497772828507795 0.6412252964426877 0.06659242761692645 0.06824110671936753
5 0.4688195991091314 0.600909090909091 0.026726057906458798 0.03501976284584986
5 0.5115812917594654 0.600909090909091 0.023162583518930906 0.03501976284584986
5 0.5575723830734967 0.5997233201581027 0.023830734966592403 0.04055335968379443