3 0.05501113585746102 0.8776482213438734 0.06325167037861915 0.19322134387351775
3 0.30701559020044544 0.779604743083004 0.0349665924276169 0.10780632411067184
3 0.38017817371937634 0.7538932806324111 0.027616926503340706 0.08011857707509874
3 0.42561247216035636 0.7396640316205533 0.020489977728285053 0.06747035573122527
3 0.45345211581291756 0.7282015810276681 0.01826280623608015 0.05245059288537542
3 0.47015590200445434 0.7240513833992095 0.011581291759465453 0.03229249011857714
2 0.5391982182628062 0.8041106719367589 0.14075723830734965 0.23588932806324114
6 0.7212694877505569 0.8861264822134387 0.02605790645879743 0.08768774703557314
6 0.7756124721603563 0.9329841897233201 0.02783964365256125 0.11416996047430826
2 0.8501113585746102 0.8586758893280633 0.2547884187082405 0.25013833992094847
2 0.9465478841870824 0.7242490118577075 0.10690423162583519 0.06035573122529637
2 0.6799554565701559 0.7742687747035573 0.10155902004454348 0.14061264822134384
2 0.6202672605790646 0.7262252964426879 0.044543429844097995 0.0722134387351778
0 0.4579064587973274 0.635296442687747 0.05389755011135855 0.06428853754940705
5 0.4719376391982183 0.5955731225296443 0.015144766146993343 0.03620553359683804
5 0.5128062360801782 0.5930039525691699 0.01893095768374165 0.03501976284584986
5 0.5615812917594655 0.592213438735178 0.022939866369710495 0.04924901185770743
2 0.1467706013363029 0.6983596837944664 0.06859688195991093 0.052035573122529724
2 0.260913140311804 0.6823517786561264 0.04521158129175949 0.05559288537549406
2 0.31469933184855237 0.6843280632411067 0.030289532293986687 0.03583003952569169
2 0.36302895322939865 0.6912450592885375 0.0334075723830735 0.037806324110671925