6 0.7552338530066816 0.8452173913043478 0.038307349665924376 0.14418972332015817
6 0.8469933184855234 0.9310276679841898 0.04365256124721609 0.13794466403162045
2 0.8741648106904232 0.8233201581027668 0.2516703786191537 0.3533596837944663
2 0.9587973273942093 0.642806324110672 0.08240534521158129 0.05559288537549406
2 0.8115812917594655 0.6256126482213439 0.08418708240534511 0.048853754940711515
2 0.7116926503340757 0.71199604743083 0.14498886414253903 0.18606719367588928
2 0.6335189309576837 0.6528853754940712 0.055456570155901955 0.07970355731225305
2 0.5353006681514476 0.7891106719367589 0.21982182628062358 0.3639723320158102
2 0.050556792873051225 0.6206719367588933 0.05256124721603564 0.0745454545454546
2 0.010579064587973273 0.6060474308300395 0.021158129175946547 0.0690118577075098
2 0.19175946547884185 0.6054545454545455 0.05167037861915365 0.048063241106719466
2 0.2804008908685969 0.6007114624505928 0.03296213808463254 0.038577075098814195
2 0.3253897550111358 0.6022924901185771 0.024944320712694854 0.02592885375494072
2 0.3965478841870824 0.6088142292490119 0.06258351893095773 0.03501976284584986
3 0.2017817371937639 0.7515415019762846 0.04944320712694875 0.1702569169960474
3 0.3219376391982183 0.6920355731225297 0.033630289532294036 0.1026482213438734
3 0.3861915367483296 0.668913043478261 0.026280623608017844 0.07614624505928848
3 0.42227171492204896 0.6554545454545455 0.01826280623608015 0.06507905138339912
3 0.4443207126948775 0.6483399209486166 0.013363028953229399 0.05084980237154154
0 0.4243875278396437 0.5489328063241107 0.06926503340757244 0.06938735177865615
5 0.4497772828507795 0.508201581027668 0.022048997772828458 0.027470355731225252
5 0.4910913140311804 0.5066205533596838 0.017817371937639197 0.040118577075098784
5 0.5396436525612472 0.5040513833992095 0.025835189309576886 0.038932806324110704