2 0.17138084632516704 0.5621739130434782 0.02650334075723832 0.03658102766798417
2 0.2069042316258352 0.5677075098814229 0.03741648106904234 0.047648221343873545
2 0.2952115812917595 0.5655335968379447 0.024721603563474408 0.03934782608695646
1 0.3080178173719377 0.5469565217391305 0.025835189309576886 0.04171936758893283
2 0.344988864142539 0.5582213438735177 0.019599109131403142 0.028675889328063222
1 0.3821826280623608 0.542806324110672 0.01826280623608015 0.05318181818181812
2 0.5359688195991091 0.7430434782608696 0.21670378619153677 0.33905138339920937
2 0.8608017817371938 0.7788339920948616 0.27839643652561247 0.37503952569169957
6 0.7296213808463252 0.7896837944664031 0.02717149220489988 0.11610671936758893
6 0.8079064587973274 0.8762450592885376 0.043429844097995544 0.1706916996047431
2 0.6356347438752783 0.6234387351778655 0.06191536748329611 0.1038142292490118
3 0.18641425389755012 0.7040909090909091 0.04988864142538977 0.15442687747035572
3 0.3175946547884187 0.6529051383399209 0.03162583518930955 0.09551383399209494
3 0.38385300668151445 0.6337154150197629 0.023830734966592403 0.07693675889328053
3 0.42071269487750557 0.6169169960474309 0.019599109131403142 0.06308300395256909
3 0.4416481069042317 0.6070355731225296 0.01692650334075729 0.05122529644268767
3 0.4542316258351893 0.5963636363636363 0.013140311804008858 0.03778656126482215
0 0.4244988864142539 0.5052371541501977 0.06726057906458795 0.06503952569169966
5 0.4479955456570156 0.45958498023715416 0.018485523385300694 0.033003952569169936
5 0.489532293986637 0.4609683794466403 0.019153674832962188 0.039723320158102815
5 0.5389755011135857 0.46195652173913043 0.0200445434298441 0.037747035573122575