2 0.11224944320712694 0.6222529644268775 0.0752783964365256 0.07770750988142303
2 0.17616926503340755 0.6188932806324111 0.04721603563474385 0.043320158102766716
2 0.2935412026726058 0.6218577075098815 0.036971046770601354 0.037391304347826004
1 0.3293986636971047 0.6001185770750989 0.03296213808463254 0.04924901185770743
1 0.36971046770601335 0.5977470355731225 0.0467706013363029 0.07612648221343869
0 0.444988864142539 0.5566403162055337 0.08151447661469938 0.07294466403162049
5 0.47060133630289536 0.5091897233201581 0.030289532293986687 0.05713438735177865
5 0.5181514476614699 0.5109683794466403 0.029621380846325193 0.056739130434782625
5 0.5654788418708241 0.5087944664031621 0.03296213808463254 0.048438735177865594
2 0.5506681514476615 0.7226679841897233 0.13919821826280623 0.21531620553359693
2 0.6140311804008909 0.6451778656126482 0.04097995545657011 0.07614624505928848
2 0.6827394209354121 0.6894664031620553 0.10489977728285083 0.13308300395256922
3 0.0532293986636971 0.8442490118577075 0.0775055679287305 0.24104743083003957
3 0.2920935412026726 0.7366996047430829 0.05412026726057909 0.12083003952569167
3 0.38953229398663697 0.7005335968379447 0.028507795100222742 0.09197628458498017
3 0.40601336302895324 0.6566403162055335 0.01692650334075729 0.05954545454545453
3 0.43630289532293987 0.6839328063241107 0.03296213808463254 0.07456521739130438
3 0.4652561247216036 0.6639525691699605 0.019599109131403142 0.05440711462450588
3 0.4799554565701559 0.659604743083004 0.013363028953229399 0.05361660079051383