2 0.02839643652561247 0.5623715415019763 0.05679287305122494 0.08047430830039531
2 0.17338530066815144 0.5528853754940711 0.0438752783964365 0.045671936758893306
2 0.2224944320712695 0.5609881422924902 0.05077951002227174 0.04211462450592875
2 0.3204899777282851 0.5572332015810276 0.024053452115812942 0.03065217391304346
1 0.315924276169265 0.5333003952569171 0.0260579064587973 0.034209486166007795
1 0.37438752783964363 0.533695652173913 0.033853006681514454 0.058715415019762865
2 0.5374164810690424 0.6793873517786561 0.15501113585746107 0.2512845849802371
2 0.7087973273942093 0.6562648221343873 0.13474387527839643 0.1773517786561265
2 0.610913140311804 0.5975494071146246 0.04365256124721609 0.07968379446640327
2 0.9714922048997773 0.6030830039525692 0.056570155902004406 0.05913043478260861
3 0.15879732739420935 0.7226679841897233 0.05701559020044542 0.18369565217391312
3 0.3145879732739421 0.66100790513834 0.04120267260579064 0.12357707509881417
3 0.3878619153674833 0.6329249011857707 0.031848552338530095 0.09116600790513833
3 0.39966592427616926 0.5957707509881423 0.015367483296213758 0.04845849802371538
3 0.42906458797327396 0.6157312252964426 0.020712694877505593 0.06861660079051389
3 0.4517817371937639 0.5993280632411067 0.012694877505567904 0.04766798418972333
3 0.4631403118040089 0.5894466403162055 0.013140311804008858 0.03581027667984191
0 0.4312917594654789 0.4943675889328064 0.07861915367483299 0.07094861660079052
5 0.4555679287305123 0.4526679841897233 0.02472160356347444 0.0310276679841897
5 0.4994432071269488 0.4556324110671937 0.02783964365256125 0.04090909090909089
5 0.5484409799554566 0.45385375494071145 0.02783964365256125 0.04130434782608691