6 0.7387527839643653 0.8707114624505928 0.023162583518930906 0.12800395256916994
6 0.8189309576837416 0.9359683794466404 0.04097995545657011 0.12806324110671927
2 0.8708240534521158 0.8341897233201582 0.2583518930957684 0.3316205533596837
2 0.9543429844097996 0.6692885375494072 0.09131403118040089 0.053221343873517686
2 0.7040089086859689 0.7378853754940712 0.13184855233853016 0.17855731225296448
2 0.5324053452115813 0.8033399209486166 0.21848552338530072 0.34499999999999986
2 0.6251670378619153 0.6716798418972332 0.054342984409799504 0.07377470355731233
2 0.03173719376391982 0.6493478260869565 0.06347438752783964 0.09630434782608699
3 0.2076837416481069 0.7596442687747036 0.05902004454342984 0.15088932806324115
3 0.3249443207126949 0.7151581027667985 0.04187082405345214 0.09750988142292497
3 0.3873051224944321 0.6985573122529645 0.024053452115812942 0.08011857707509874
3 0.42327394209354124 0.6807707509881423 0.01804008908685974 0.05243083003952564
3 0.44320712694877507 0.6704743083003952 0.015590200445434299 0.047687747035573116
5 0.4463251670378619 0.5311264822134387 0.021826280623608044 0.025909090909090937
5 0.48975501113585745 0.5313241106719369 0.024053452115812942 0.038162055335968274
5 0.5430957683741648 0.5293478260869565 0.0349665924276169 0.04211462450592875
2 0.23708240534521158 0.6293675889328063 0.037639198218262816 0.04450592885375491
2 0.3048997772828508 0.6230434782608696 0.03741648106904234 0.04766798418972333
2 0.39209354120267265 0.6360869565217392 0.06258351893095773 0.050039525691699706