2 0.08819599109131404 0.5657312252964427 0.08062360801781737 0.0674308300395257
2 0.17839643652561246 0.5580237154150198 0.05167037861915365 0.04804347826086946
2 0.24576837416481068 0.5590118577075099 0.041648106904231603 0.04606719367588922
2 0.3315144766146993 0.5590118577075099 0.021603563474387504 0.030256916996047323
1 0.37438752783964363 0.5398418972332016 0.033853006681514454 0.059110671936758834
1 0.3089086859688196 0.5422134387351779 0.027616926503340706 0.04804347826086946
2 0.5308463251670379 0.6942094861660079 0.1752783964365256 0.26907114624505923
2 0.7356347438752784 0.6823517786561264 0.17728285077951006 0.2295256916996047
2 0.612694877505568 0.5995256916996048 0.05612472160356358 0.09154150197628469
2 0.9599109131403119 0.6107905138339921 0.0801781737193764 0.07849802371541507
3 0.17171492204899777 0.7147628458498024 0.05612472160356345 0.16788537549407123
3 0.3144766146993318 0.6580434782608696 0.03429844097995541 0.11369565217391299
3 0.3828507795100223 0.6327272727272728 0.024053452115812942 0.07891304347826077
3 0.4247216035634744 0.6159288537549408 0.01870824053452111 0.06505928853754933
3 0.4443207126948775 0.5987351778656126 0.013363028953229399 0.04252964426877467
3 0.4592427616926503 0.5947826086956521 0.012026726057906409 0.05043478260869562
0 0.42828507795100224 0.5020750988142293 0.07037861915367488 0.07452569169960475
5 0.4501113585746102 0.45681818181818185 0.024944320712694854 0.0353754940711462
5 0.4953229398663697 0.45839920948616597 0.021826280623608044 0.038537549407114624
5 0.5439866369710468 0.45839920948616597 0.02783964365256125 0.038537549407114624