6 0.7475501113585745 0.8910671936758893 0.025167037861915265 0.10942687747035575
6 0.8193763919821826 0.9408893280632411 0.032962138084632414 0.11418972332015805
2 0.8658129175946548 0.8480237154150199 0.26837416481069043 0.3039525691699604
2 0.9782850779510023 0.6878853754940711 0.043429844097995544 0.08247035573122533
2 0.8835189309576837 0.6886758893280633 0.0988864142538975 0.05243083003952564
2 0.6668151447661469 0.7368972332015811 0.09755011135857451 0.133102766798419
2 0.5351893095768374 0.7228656126482214 0.08819599109131408 0.14849802371541498
2 0.6085746102449888 0.7003359683794467 0.04120267260579064 0.07972332015810282
2 0.07661469933184854 0.6752371541501977 0.0930957683741648 0.07298418972332006
2 0.15033407572383073 0.6611857707509882 0.066815144766147 0.05677865612648225
3 0.2799554565701559 0.7564624505928853 0.03207126948775057 0.11294466403162051
3 0.37639198218262804 0.7157509881422925 0.024498886414253896 0.07102766798418961
3 0.41670378619153675 0.7084387351778657 0.020489977728285053 0.06035573122529637
3 0.44665924276169267 0.6969762845849803 0.01581291759465484 0.04531620553359674
3 0.46748329621380846 0.6928260869565217 0.015144766146993343 0.04096837944664035
0 0.4679287305122494 0.6117786561264822 0.04276169265033405 0.04490118577075104