6 0.7218262806236081 0.8772332015810277 0.02494432071269498 0.10547430830039527
6 0.7789532293986637 0.9337747035573123 0.03897550111358575 0.1157509881422926
2 0.8494432071269488 0.8458300395256917 0.2668151447661469 0.2758300395256916
2 0.9276169265033407 0.7123913043478262 0.10690423162583519 0.05245059288537542
2 0.678173719376392 0.754090909090909 0.09799554565701558 0.12401185770750989
2 0.617706013363029 0.7179249011857707 0.046102449888641525 0.06351778656126479
2 0.5367483296213809 0.7653754940711462 0.12249443207126949 0.20584980237154143
2 0.06926503340757238 0.669703557312253 0.06503340757238307 0.06191699604743091
2 0.22093541202672606 0.6720553359683794 0.028062360801781726 0.035039525691699644
3 0.15534521158129175 0.8303952569169961 0.04788418708240535 0.17383399209486172
3 0.3330734966592428 0.7558695652173913 0.02917594654788424 0.10780632411067184
3 0.394097995545657 0.7390711462450593 0.02650334075723826 0.0781422924901185
3 0.433630289532294 0.7230632411067194 0.01870824053452111 0.06588932806324117
3 0.45946547884187083 0.7159486166007905 0.01692650334075729 0.051660079051383374
0 0.4583518930957684 0.626403162055336 0.05478841870824058 0.06624505928853751
5 0.47371937639198214 0.5831225296442688 0.01870824053452111 0.03897233201581033
5 0.5114699331848552 0.5823320158102767 0.025167037861915393 0.037391304347826004
5 0.5538975501113585 0.5823320158102767 0.01870824053452111 0.037391304347826004
2 0.3599109131403118 0.6771936758893281 0.027171492204899752 0.03741106719367579