6 0.7298440979955456 0.8734782608695653 0.032071269487750506 0.10980237154150187
6 0.7975501113585747 0.9310276679841898 0.03385300668151458 0.13794466403162045
2 0.861358574610245 0.8420948616600791 0.27728285077951004 0.3158102766798418
2 0.9560133630289532 0.6878853754940711 0.08797327394209355 0.06666007905138344
2 0.6919821826280623 0.7440118577075099 0.1256124721603563 0.1631422924901185
2 0.6266146993318487 0.6942094861660079 0.055011135857461126 0.0793280632411067
2 0.5297327394209354 0.806501976284585 0.20423162583518928 0.3197035573122529
2 0.12104677060133631 0.6659288537549407 0.05946547884187083 0.0504545454545454
3 0.22561247216035635 0.7734782608695652 0.04810690423162582 0.15484189723320163
3 0.3342984409799554 0.7327470355731225 0.033853006681514454 0.09711462450592882
3 0.39153674832962143 0.7110079051383399 0.02806236080178179 0.07735177865612645
3 0.42383073496659246 0.6997430830039526 0.01692650334075729 0.058754940711462485
3 0.44565701559020043 0.6872924901185771 0.016035634743875253 0.04571146245059288
2 0.2678173719376392 0.6457707509881423 0.02783964365256125 0.03383399209486167
2 0.38819599109131403 0.6530830039525691 0.06146993318485528 0.044525691699604686
2 0.4521158129175947 0.6511067193675889 0.024498886414253896 0.03266798418972327
2 0.32316258351893096 0.6437944664031621 0.02939866369710465 0.03778656126482215
0 0.4278396436525612 0.5918181818181818 0.06948775055679285 0.07217391304347823
5 0.4506681514476615 0.551897233201581 0.023830734966592403 0.03183794466403165
5 0.4971046770601336 0.5509090909090909 0.025389755011135808 0.03381422924901188
5 0.5467706013363028 0.550296442687747 0.031180400890868598 0.028675889328063222