2 0.08930957683741649 0.5730434782608695 0.09621380846325167 0.07810276679841893
2 0.2307349665924276 0.5746245059288537 0.03608017817371935 0.049644268774703564
2 0.18786191536748328 0.5704743083003954 0.032739420935412 0.04527667984189717
2 0.2898663697104677 0.5785770750988142 0.031848552338530095 0.04173913043478262
1 0.30734966592427615 0.5526877470355732 0.028953229398663696 0.033418972332015746
3 0.19276169265033408 0.7206916996047431 0.06035634743875277 0.1718379446640317
3 0.3198218262806236 0.6639723320158103 0.03608017817371935 0.10183794466403157
3 0.3851893095768374 0.64300395256917 0.02650334075723826 0.08365612648221352
3 0.42071269487750557 0.626205533596838 0.019599109131403142 0.06980237154150208
3 0.4420935412026726 0.6198814229249012 0.017817371937639197 0.05715415019762838
2 0.5426503340757238 0.7724901185770751 0.25679287305122495 0.378201581027668
2 0.8569042316258352 0.7776284584980238 0.28619153674832964 0.31733201581027654
2 0.9660356347438753 0.6109881422924902 0.06792873051224944 0.05913043478260861
2 0.7592427616926503 0.5902371541501977 0.0730512249443206 0.0532015810276679
2 0.6817371937639198 0.6527075098814229 0.11403118040089097 0.14650197628458497
6 0.7289532293986637 0.7916600790513834 0.030289532293986687 0.12796442687747037
6 0.7985523385300668 0.8649802371541502 0.042538975501113636 0.1521146245059289
0 0.42282850779510023 0.5123517786561265 0.07060133630289529 0.06345849802371545
5 0.4487750556792873 0.47045454545454546 0.022271714922048998 0.04288537549407112
5 0.49120267260579065 0.4716403162055336 0.02472160356347444 0.03735177865612644
5 0.5395322939866369 0.4698616600790514 0.01893095768374165 0.037747035573122575