2 0.016146993318485525 0.6092094861660079 0.03229398663697105 0.07533596837944664
3 0.19988864142538976 0.7457905138339921 0.04788418708240535 0.16274703557312256
3 0.3244988864142539 0.6971739130434782 0.032071269487750506 0.10501976284584978
3 0.3873051224944321 0.6746442687747035 0.024053452115812942 0.08365612648221352
3 0.4211581291759465 0.6599999999999999 0.020489977728285053 0.06231225296442682
3 0.44420935412026724 0.6499209486166008 0.015367483296213758 0.054011857707509964
2 0.5324053452115813 0.788300395256917 0.22739420935412033 0.3465810276679842
6 0.7534521158129176 0.8523320158102766 0.03474387527839649 0.12679841897233196
6 0.8451002227171492 0.9349802371541502 0.04209354120267256 0.13003952569169952
2 0.871380846325167 0.8233201581027668 0.2572383073496659 0.3533596837944663
2 0.9521158129175946 0.6449802371541502 0.0957683741648107 0.06389328063241115
2 0.7106904231625836 0.7155533596837944 0.14521158129175957 0.16946640316205533
2 0.6314031180400891 0.6475494071146246 0.066815144766147 0.080889328063241
0 0.42683741648106904 0.5507114624505929 0.06971046770601338 0.06899209486166001
5 0.4471046770601336 0.507806324110672 0.025612472160356347 0.03458498023715415
5 0.4904231625835189 0.5068181818181818 0.020935412026726007 0.036561264822134384
5 0.5358574610244988 0.5089920948616601 0.02271714922048995 0.044861660079051416
2 0.19888641425389755 0.6062450592885376 0.04810690423162582 0.049644268774703564
2 0.2820712694877506 0.6040711462450593 0.038530066815144794 0.041343873517786484
2 0.3293986636971047 0.6048616600790514 0.024053452115812942 0.027114624505928907