2 0.17706013363028952 0.5605928853754941 0.0400890868596882 0.04922924901185764
2 0.2530066815144766 0.5598023715415019 0.03608017817371935 0.047648221343873545
2 0.32316258351893096 0.5611857707509881 0.020489977728285053 0.02274703557312251
1 0.30601336302895327 0.5451778656126482 0.026280623608017844 0.04211462450592875
2 0.35523385300668153 0.560197628458498 0.022271714922048998 0.02472332015810275
2 0.5413140311804009 0.76300395256917 0.22739420935412033 0.37503952569169957
2 0.6621380846325168 0.636304347826087 0.09265033407572389 0.1255533596837944
2 0.6837416481069042 0.5795652173913043 0.042316258351893093 0.03976284584980238
2 0.9593541202672605 0.6107905138339921 0.08129175946547884 0.07849802371541507
2 0.9304008908685969 0.8420948616600791 0.13919821826280623 0.3158102766798418
6 0.8765033407572383 0.93300395256917 0.04699331848552343 0.13399209486166
3 0.18797327394209357 0.7072529644268775 0.04855233853006684 0.16075098814229255
3 0.3190423162583519 0.6574505928853756 0.03229398663697105 0.10855731225296433
3 0.38329621380846324 0.6325296442687747 0.024944320712694854 0.08247035573122533
3 0.42282850779510023 0.6220553359683795 0.017149220489977704 0.06545454545454546
3 0.4403118040089087 0.6036758893280632 0.014253897550111309 0.04845849802371538
3 0.455456570155902 0.5953754940711462 0.017817371937639197 0.03976284584980238