2 0.17928730512249444 0.5647430830039526 0.053452115812917596 0.05357707509881426
2 0.2380846325167038 0.5647430830039526 0.04632516703786194 0.05357707509881426
2 0.3161469933184855 0.5645454545454546 0.022048997772828458 0.0255138339920948
1 0.3048997772828508 0.5441897233201581 0.028507795100222742 0.044090909090908986
2 0.3534521158129176 0.5590118577075099 0.01870824053452111 0.030256916996047323
2 0.5383073496659243 0.7527272727272727 0.2280623608017817 0.35448616600790517
2 0.6511135857461025 0.6311462450592885 0.07728285077951012 0.12318181818181827
2 0.9599109131403119 0.601304347826087 0.0801781737193764 0.059525691699604755
2 0.8930957683741648 0.816403162055336 0.21380846325167038 0.367193675889328
6 0.8082405345211581 0.8758498023715415 0.03741648106904222 0.1619960474308301
6 0.9605790645879733 0.9636363636363637 0.057015590200445485 0.07272727272727264
3 0.1884187082405345 0.6991501976284584 0.04944320712694875 0.14849802371541498
3 0.3195991091314031 0.6542885375494071 0.031180400890868598 0.10223320158102771
3 0.38474387527839643 0.6317391304347827 0.025612472160356347 0.080889328063241
3 0.42383073496659246 0.6204743083003952 0.01692650334075729 0.062292490118577036
3 0.4433184855233853 0.6096047430830039 0.01358574610244994 0.05241106719367585
3 0.456347438752784 0.5997233201581027 0.010690423162583545 0.04055335968379443
5 0.44699331848552337 0.4655138339920949 0.01870824053452111 0.036956521739130416
5 0.4902004454342984 0.4655138339920949 0.024944320712694854 0.05276679841897231
5 0.5393095768374165 0.4653162055335968 0.022939866369710495 0.05632411067193676
2 0.6640311804008908 0.5710671936758893 0.040757238307349564 0.03460474308300394