6 0.7301781737193764 0.9039130434782608 0.02605790645879743 0.11535573122529645
6 0.7867483296213809 0.9488142292490119 0.03229398663697105 0.1023715415019762
2 0.8557906458797327 0.8588932806324111 0.2884187082405345 0.2822134387351778
2 0.9576837416481069 0.7282015810276681 0.08463251670378619 0.06826086956521732
2 0.6866369710467706 0.7875098814229249 0.09710467706013368 0.1710671936758892
2 0.6328507795100222 0.7327470355731225 0.040757238307349564 0.08130434782608693
2 0.5400890868596881 0.8335770750988143 0.1870824053452116 0.2908498023715414
2 0.16915367483296215 0.6819565217391305 0.03986636971046772 0.04689723320158106
2 0.2069042316258352 0.6924308300395257 0.04632516703786194 0.04808300395256925
2 0.39420935412026725 0.6928260869565217 0.060133630289532294 0.05677865612648225
2 0.4679287305122494 0.6886758893280633 0.033853006681514454 0.03662055335968374
3 0.2576837416481069 0.8064822134387352 0.05879732739420937 0.14577075098814227
3 0.3560133630289532 0.7663438735177865 0.0260579064587973 0.09318181818181814
3 0.4095768374164811 0.7487549407114624 0.024053452115812942 0.0777470355731226
3 0.4451002227171492 0.7402569169960475 0.017149220489977704 0.05679841897233203
5 0.4679287305122494 0.592213438735178 0.024944320712694854 0.03343873517786553
5 0.5092427616926504 0.5894466403162055 0.020712694877505593 0.03581027667984191
5 0.5590200445434298 0.5914229249011858 0.024498886414253896 0.031857707509881435