2 0.16124721603563474 0.5995256916996048 0.057461024498886425 0.05992094861660089
2 0.3011135857461024 0.5981422924901186 0.034298440979955436 0.037391304347826004
1 0.32895322939866367 0.5799604743083003 0.023162583518930906 0.04845849802371538
1 0.3721603563474387 0.5728458498023715 0.03830734966592425 0.0658498023715416
0 0.44298440979955456 0.5362845849802372 0.07305122494432074 0.07571146245059283
5 0.4704899777282851 0.48863636363636365 0.02338530066815145 0.04762845849802376
5 0.5167037861915368 0.4910079051383399 0.0200445434298441 0.05237154150197629
5 0.5662583518930958 0.48863636363636365 0.01893095768374165 0.04762845849802376
2 0.5523385300668151 0.7155731225296442 0.1358574610244989 0.2327075098814229
2 0.6149220489977729 0.6258102766798419 0.04276169265033418 0.07691699604743076
2 0.689977728285078 0.6752371541501977 0.10824053452115819 0.15205533596837933
3 0.0997772828507795 0.7958102766798419 0.07706013363028952 0.21138339920948623
3 0.305011135857461 0.71199604743083 0.04432071269487749 0.12280632411067191
3 0.3934298440979956 0.670494071146245 0.029621380846325193 0.07930830039525691
3 0.4070155902004454 0.6374703557312253 0.01670378619153675 0.05677865612648225
3 0.438195991091314 0.6550592885375494 0.025612472160356347 0.07219367588932801
3 0.4615812917594655 0.6416205533596838 0.014476614699331848 0.045296442687746956
3 0.47639198218262807 0.6388537549407114 0.015144766146993343 0.04766798418972333