2 0.1787305122494432 0.5661264822134386 0.045657015590200446 0.04448616600790512
2 0.27661469933184857 0.5637549407114625 0.02984409799554567 0.039743083003952594
1 0.3065701559020045 0.5501185770750988 0.025167037861915393 0.04804347826086946
2 0.33552338530066816 0.5611857707509881 0.020712694877505593 0.02274703557312251
2 0.3605790645879733 0.559407114624506 0.015144766146993343 0.02314229249011865
3 0.188641425389755 0.7076482213438735 0.045434298440979966 0.15363636363636365
3 0.31714922048997773 0.6566600790513833 0.03073496659242764 0.10697628458498022
3 0.38229398663697106 0.634110671936759 0.016258351893095793 0.08563241106719376
3 0.4211581291759465 0.6204743083003952 0.011581291759465453 0.062292490118577036
3 0.44042316258351893 0.6096047430830039 0.012249443207126948 0.05241106719367585
3 0.4540089086859688 0.5999209486166008 0.008240534521158104 0.03699604743083009
3 0.3937639198218263 0.6070355731225296 0.01469933184855239 0.05122529644268767
2 0.5351893095768374 0.7487747035573122 0.24855233853006686 0.36239130434782607
2 0.6802895322939866 0.6542885375494071 0.10445434298440975 0.16549407114624506
2 0.9587973273942093 0.6129644268774704 0.08240534521158129 0.07098814229249004
0 0.42327394209354124 0.5068181818181818 0.07149220489977734 0.06820158102766796
5 0.4463251670378619 0.46492094861660077 0.021826280623608044 0.031818181818181863
5 0.49142538975501115 0.46353754940711467 0.020712694877505593 0.04090909090909089
5 0.5406458797327395 0.4633399209486166 0.025612472160356347 0.044466403162055336