2 0.06870824053452117 0.568102766798419 0.08396436525612473 0.07217391304347823
2 0.17984409799554565 0.5625691699604743 0.043429844097995544 0.04527667984189717
2 0.24643652561247217 0.5615810276679842 0.038530066815144794 0.04725296442687741
1 0.3076837416481069 0.5437944664031621 0.031848552338530095 0.05120553359683788
2 0.3242761692650334 0.5605928853754941 0.027171492204899752 0.033418972332015746
1 0.3732739420935412 0.5388537549407115 0.027171492204899752 0.061086956521739066
2 0.5316258351893095 0.6963833992094862 0.1612472160356347 0.26156126482213443
2 0.6077951002227171 0.6024901185770751 0.05523385300668141 0.08561264822134397
2 0.7307349665924276 0.6726679841897233 0.16748329621380856 0.19830039525691706
2 0.9631403118040088 0.6062450592885376 0.07327394209354116 0.06545454545454546
3 0.16592427616926503 0.7139723320158102 0.053452115812917596 0.16628458498023713
3 0.3144766146993318 0.6574505928853756 0.03429844097995541 0.10855731225296433
3 0.3871937639198218 0.6305533596837944 0.0260579064587973 0.0864229249011858
3 0.42561247216035636 0.6127667984189723 0.020489977728285053 0.0587351778656127
3 0.44665924276169267 0.6005138339920949 0.01581291759465484 0.042134387351778754
3 0.46258351893095767 0.5924110671936759 0.014253897550111309 0.04569169960474309
0 0.4293986636971047 0.5002964426877471 0.06815144766146998 0.07492094861660084
5 0.45445434298440984 0.4603754940711462 0.026948775055679337 0.03458498023715415
5 0.49599109131403113 0.46353754940711467 0.01870824053452111 0.04090909090909089
5 0.5437639198218263 0.46215415019762845 0.022939866369710495 0.050000000000000024