2 0.20645879732739422 0.576403162055336 0.043652561247216025 0.04924901185770743
2 0.316369710467706 0.5750197628458498 0.026948775055679337 0.026699604743082986
1 0.37483296213808465 0.551501976284585 0.03474387527839649 0.05476284584980244
2 0.5422048997772828 0.6886758893280633 0.14008908685968816 0.22638339920948608
2 0.6947661469933185 0.6596245059288537 0.12004454342984405 0.1643083003952569
2 0.6171492204899778 0.6046640316205533 0.032962138084632414 0.062292490118577036
1 0.3262806236080178 0.5542687747035573 0.026726057906458798 0.03658102766798417
3 0.1408685968819599 0.7527272727272727 0.05902004454342984 0.1963438735177866
3 0.31202672605790643 0.678201581027668 0.033853006681514454 0.11450592885375482
3 0.3908685968819599 0.653102766798419 0.022271714922048998 0.09195652173913038
3 0.43630289532293987 0.635494071146245 0.015144766146993343 0.07654150197628462
3 0.45679287305122496 0.6238339920948617 0.011581291759465453 0.06505928853754933
3 0.46948775055679287 0.6113833992094861 0.01469933184855239 0.03620553359683804
5 0.46291759465478843 0.4706521739130435 0.017149220489977704 0.03932806324110667
5 0.5086859688195992 0.4690711462450593 0.021826280623608044 0.03616600790513836
5 0.5577951002227172 0.47203557312252964 0.019821826280623556 0.04604743083003955
3 0.4042316258351893 0.6115810276679842 0.013363028953229399 0.04845849802371538