6 0.72728285077951 0.8843478260869566 0.02472160356347444 0.10389328063241117
6 0.7855233853006681 0.939901185770751 0.027616926503340706 0.10033596837944661
2 0.8608017817371938 0.8521541501976284 0.27839643652561247 0.28849802371541505
2 0.9593541202672605 0.7133794466403163 0.08129175946547884 0.06628458498023708
2 0.6938752783964366 0.7677470355731225 0.10935412026726063 0.1315217391304347
2 0.6297327394209354 0.7187154150197629 0.052338530066815145 0.06509881422924889
2 0.5376391982182628 0.8266600790513834 0.18663697104677063 0.2888735177865612
2 0.18953229398663696 0.6890711462450593 0.04721603563474385 0.029505928853754842
2 0.15935412026726056 0.6752173913043479 0.04699331848552337 0.04136363636363626
3 0.24788418708240534 0.7985770750988141 0.03919821826280622 0.12996047430830038
3 0.34855233853006684 0.7578458498023716 0.035634743875278395 0.08804347826086947
3 0.40111358574610245 0.7370948616600791 0.024944320712694854 0.06628458498023708
3 0.43630289532293987 0.7289920948616601 0.015144766146993343 0.05403162055335975
3 0.45657015590200445 0.7163438735177866 0.015590200445434299 0.04454545454545447
5 0.46002227171492205 0.5833201581027668 0.02472160356347444 0.03541501976284577
5 0.5007795100222717 0.5825296442687747 0.021603563474387504 0.03383399209486167
5 0.5507795100222718 0.5831225296442688 0.02138084632516709 0.03897233201581033