12 0.7094654788418708 0.8515415019762845 0.06035634743875284 0.18847826086956523
11 0.8621380846325167 0.5869367588932807 0.27349665924276156 0.7936166007905137
1 0.5520044543429844 0.6845256916996048 0.08975501113585749 0.11134387351778663
1 0.48106904231625836 0.6714822134387352 0.042316258351893093 0.06152173913043477
10 0.6415367483296214 0.6078458498023716 0.15122494432071265 0.19511857707509886
1 0.07416481069042316 0.6801778656126483 0.09443207126948776 0.09472332015810267
1 0.17394209354120266 0.6615810276679842 0.04276169265033405 0.04966403162055335
1 0.31425389755011135 0.659802371541502 0.03830734966592425 0.05005928853754949
1 0.41269487750556794 0.6671146245059288 0.039198218262806284 0.04492094861660083
10 0.25211581291759466 0.6388537549407114 0.08775055679287307 0.09511857707509881
1 0.21024498886414256 0.6639525691699605 0.02271714922048995 0.03859683794466398