1 0.8639198218262806 0.7270158102766798 0.14521158129175957 0.15286561264822138
1 0.7415367483296214 0.6880830039525692 0.11603563474387533 0.12636363636363623
1 0.6608017817371937 0.6764229249011857 0.06146993318485528 0.09907114624505928
1 0.575055679287305 0.6880830039525692 0.08596881959910918 0.14217391304347815
1 0.48930957683741644 0.6669367588932806 0.039198218262806284 0.06428853754940705
1 0.4557906458797327 0.6590118577075098 0.023830734966592403 0.03266798418972327
1 0.416369710467706 0.6649407114624506 0.03585746102449894 0.05243083003952564
1 0.20378619153674832 0.6740513833992094 0.05790645879732739 0.09432806324110675
1 0.02962138084632517 0.6831422924901186 0.05879732739420935 0.08879446640316195
1 0.08930957683741649 0.6797826086956522 0.05523385300668151 0.05440711462450588
1 0.14365256124721604 0.6720750988142292 0.053452115812917596 0.06666007905138344
1 0.24766146993318486 0.6633596837944664 0.02538975501113587 0.03345849802371532
12 0.9771714922048997 0.8989920948616601 0.045657015590200446 0.17266798418972332
1 0.9638084632516704 0.7562845849802372 0.07238307349665925 0.3853162055335969