1 0.10311804008908686 0.713794466403162 0.19510022271714922 0.31217391304347836
1 0.8897550111358574 0.7226679841897233 0.22048997772828507 0.19950592885375504
12 0.8749443207126949 0.7645652173913043 0.04832962138084643 0.09357707509881427
12 0.7913140311804009 0.7455928853754941 0.030289532293986687 0.08723320158102764
8 0.1977728285077951 0.8750592885375493 0.03251670378619152 0.03391304347826081
9 0.3343875278396436 0.44824110671936757 0.0283407572383074 0.06588932806324117
9 0.4614587973273942 0.5470553359683794 0.01716035634743872 0.0649604743083004
9 0.6445879732739421 0.4643083003952569 0.01576837416481078 0.048853754940711515
1 0.28004454342984403 0.6839920948616601 0.06457683741648104 0.058952569169960556
1 0.3324164810690423 0.6774703557312253 0.04251670378619148 0.04778656126482204
1 0.3734409799554566 0.6688735177865612 0.041447661469933214 0.04381422924901178
1 0.4111692650334076 0.66100790513834 0.023129175946547863 0.02622529644268771
1 0.42971046770601334 0.6570355731225296 0.017583518930957644 0.03719367588932816
1 0.44233853006681517 0.6501383399209487 0.02045657015590201 0.03284584980237155
1 0.4657795100222717 0.6444664031620554 0.016202672605790596 0.029051383399209575
1 0.48026726057906455 0.6450395256916995 0.01534521158129173 0.026403162055335997
1 0.765902004454343 0.6675494071146244 0.06553452115812908 0.07899209486166013
1 0.5567817371937639 0.6626284584980238 0.03623608017817368 0.05403162055335975
1 0.5796325167037861 0.642292490118577 0.016937639198218304 0.026600790513834065
1 0.6049443207126949 0.6383201581027668 0.013218262806235958 0.022430830039525736
1 0.6256236080178174 0.6397430830039526 0.011937639198218292 0.019604743083003872
4 0.4889532293986637 0.8112648221343873 0.025256124721603507 0.03359683794466403
4 0.5497438752783964 0.8251581027667984 0.013641425389755012 0.025454545454545445
4 0.5794766146993319 0.7656719367588933 0.015556792873051256 0.029426877470355703
4 0.5976948775055679 0.8340513833992095 0.054131403118039975 0.05458498023715416
4 0.5606681514476615 0.7899802371541502 0.030155902004454324 0.038320158102766774
3 0.6281180400890868 0.7207312252964427 0.3011135857461025 0.04737154150197634
3 0.34103563474387527 0.7243675889328063 0.27135857461024504 0.029011857707509782
12 0.14870824053452114 0.8087747035573123 0.029443207126948773 0.11312252964426879