12 0.7825167037861915 0.8804150197628459 0.08173719376391993 0.20666007905138328
12 0.6253897550111359 0.796403162055336 0.047661469933184805 0.1216403162055335
11 0.817706013363029 0.5983794466403162 0.3556792873051226 0.6821541501976286
1 0.1153674832962138 0.6756324110671937 0.09665924276169266 0.08167984189723328
11 0.23229398663697104 0.6588339920948617 0.09710467706013362 0.09946640316205542
1 0.2962138084632517 0.6683003952569171 0.0334075723830735 0.055197628458497926
1 0.4087973273942094 0.668695652173913 0.03808463251670384 0.04808300395256925
1 0.4641425389755011 0.6625691699604743 0.03073496659242764 0.063498023715415
1 0.5170378619153675 0.6673320158102767 0.04966592427616929 0.07298418972332006
1 0.5592427616926503 0.6783992094861659 0.020489977728285053 0.047687747035573116
1 0.5837416481069043 0.677806324110672 0.016035634743875378 0.05835968379446635
1 0.344097995545657 0.660197628458498 0.026726057906458798 0.04294466403162059