3 0.8562583518930957 0.7374505928853754 0.2874832962138086 0.08209486166007898
1 0.5727839643652561 0.671699604743083 0.07420935412026732 0.0875691699604742
1 0.045011135857461027 0.6896245059288537 0.08488864142538974 0.1416600790513833
1 0.10468819599109132 0.663596837944664 0.049899777282850784 0.08047430830039531
1 0.1626948775055679 0.6689525691699605 0.05530066815144767 0.04782608695652183
1 0.19954342984409798 0.6561660079051383 0.029966592427616956 0.049644268774703564
1 0.23484409799554565 0.6559288537549407 0.03240534521158132 0.044624505928853836
1 0.27034521158129177 0.6535375494071146 0.02623608017817372 0.023853754940711562
10 0.30198218262806237 0.6310474308300396 0.04836302895322937 0.06333992094861651
1 0.4277728285077951 0.6508102766798419 0.027260579064587995 0.03664031620553353
11 0.5976057906458797 0.6441897233201581 0.05569042316258351 0.08960474308300402