1 0.9638084632516704 0.8181422924901186 0.07238307349665925 0.28373517786561253
12 0.9665924276169265 0.8823913043478261 0.0556792873051225 0.18689723320158091
1 0.811358574610245 0.711600790513834 0.13273942093541208 0.1299209486166008
1 0.9347438752783964 0.6807707509881423 0.1300668151447661 0.1473122529644268
10 0.6524498886414254 0.620691699604743 0.20467706013363024 0.23268774703557313
1 0.07884187082405344 0.6805731225296443 0.07973273942093541 0.07179841897233209
10 0.18106904231625834 0.6384782608695652 0.12828507795100222 0.1180434782608696
1 0.5381514476614699 0.6829446640316206 0.019788418708240513 0.04460474308300405
1 0.5029175946547885 0.6774901185770751 0.04276169265033405 0.06490118577075105
1 0.41727171492204895 0.6725098814229249 0.027594654788418677 0.045197628458498035
1 0.2470044543429844 0.6711857707509882 0.013285077951002235 0.03666007905138331
1 0.26028953229398666 0.6723122529644269 0.012739420935412023 0.035711462450592986