12 0.77271714922049 0.8766600790513833 0.07104677060133625 0.22681818181818178
12 0.6193763919821826 0.7851383399209486 0.04276169265033418 0.1346837944664031
11 0.8151447661469933 0.6232806324110672 0.35412026726057905 0.6766205533596839
1 0.5238307349665924 0.67899209486166 0.05478841870824058 0.08444664031620557
1 0.46347438752783965 0.6629644268774704 0.03741648106904234 0.05638339920948611
11 0.16748329621380847 0.66100790513834 0.14120267260579067 0.13938735177865608
1 0.035634743875278395 0.6839328063241107 0.07126948775055679 0.12201581027667986
1 0.2751670378619154 0.6681225296442688 0.05590200445434297 0.07456521739130438
1 0.4073496659242762 0.6655335968379447 0.03741648106904234 0.0575691699604743
1 0.33819599109131404 0.6627667984189723 0.0260579064587973 0.04413043478260878
1 0.5688195991091314 0.6750395256916996 0.026280623608017844 0.060731225296442724
1 0.5975501113585746 0.6801778656126483 0.01692650334075729 0.07891304347826077