1 0.09187082405345212 0.687094861660079 0.18374164810690424 0.19158102766798407
1 0.9099109131403118 0.7256324110671937 0.17616926503340763 0.17776679841897242
12 0.926837416481069 0.7766205533596838 0.03184855233852996 0.08211462450592877
12 0.8276169265033408 0.7578458498023716 0.01826280623608028 0.056403162055335895
12 0.1089086859688196 0.7418379446640316 0.01959910913140311 0.09158102766798425
12 0.166815144766147 0.7240513833992095 0.019599109131403142 0.06391304347826093
1 0.5770601336302896 0.6930237154150198 0.10957683741648111 0.11648221343873506
1 0.766815144766147 0.7147628458498024 0.09710467706013368 0.12043478260869553
1 0.6765033407572383 0.69401185770751 0.07461024498886415 0.09869565217391292
1 0.4851893095768374 0.6712845849802371 0.0438752783964365 0.06507905138339912
1 0.416369710467706 0.668893280632411 0.02650334075723826 0.044525691699604686
1 0.27037861915367484 0.6671343873517787 0.03518930957683744 0.060731225296442724
1 0.2255011135857461 0.6659288537549407 0.03229398663697105 0.0346442687747035