1 0.09187082405345212 0.7064624505928855 0.18374164810690424 0.17498023715415012
4 0.10723830734966593 0.6544664031620554 0.03184855233853006 0.03543478260869555
12 0.11146993318485522 0.7461857707509881 0.026948775055679275 0.0765612648221344
12 0.1643652561247216 0.7305731225296443 0.019153674832962125 0.05719367588932817
11 0.6821826280623609 0.6586363636363636 0.2503340757238307 0.3244071146245059
12 0.8572383073496659 0.7568577075098815 0.028507795100222617 0.07418972332015802
1 0.8969933184855234 0.7206916996047431 0.17037861915367483 0.15602766798418982
1 0.277728285077951 0.6675296442687747 0.06146993318485522 0.06942687747035572
1 0.19042316258351893 0.6694861660079051 0.0400890868596882 0.04966403162055335
1 0.4036748329621381 0.670494071146245 0.04120267260579064 0.063498023715415
1 0.45501113585746106 0.6637549407114625 0.03474387527839649 0.04215415019762854
1 0.5199331848552339 0.669703557312253 0.05100222717149215 0.06191699604743091