4 0.8320712694877506 0.6671343873517787 0.01826280623608028 0.07654150197628462
4 0.8602449888641426 0.6619960474308301 0.025612472160356347 0.08998023715415014
4 0.047661469933184854 0.6568379446640317 0.017371937639198212 0.0401778656126483
1 0.08797327394209355 0.6849209486166008 0.0757238307349666 0.05677865612648225
1 0.1455456570155902 0.6728656126482214 0.037193763919821814 0.05243083003952564
1 0.1846325167037862 0.6663241106719368 0.03741648106904234 0.0433399209486165
1 0.22383073496659242 0.6617786561264822 0.026726057906458798 0.030296442687747116
1 0.26080178173719376 0.6633596837944664 0.04721603563474385 0.049268774703557214
10 0.32895322939866367 0.6335177865612648 0.04988864142538971 0.048853754940711515
1 0.6155902004454342 0.6708893280632412 0.10200445434298437 0.1038142292490118
1 0.43953229398663696 0.6530830039525691 0.028285077951002203 0.044525691699604686