12 0.8708240534521158 0.8697233201581027 0.060133630289532294 0.17741106719367586
10 0.6944320712694878 0.5975691699604743 0.2507795100222718 0.2536166007905139
1 0.0455456570155902 0.6813636363636363 0.0821826280623608 0.0575691699604743
10 0.15961024498886417 0.6396442687747036 0.14396436525612474 0.12626482213438733
1 0.49926503340757233 0.6768379446640317 0.04062360801781739 0.06183794466403155
1 0.4158129175946548 0.6750197628458499 0.024409799554565657 0.0371146245059288
1 0.5476614699331849 0.6841106719367589 0.023942093541202674 0.035098814229248994
1 0.2366481069042316 0.6718577075098814 0.013307349665924263 0.03209486166007907
1 0.2503118040089087 0.6732806324110672 0.014187082405345221 0.034940711462450494
1 0.8693318485523385 0.7078853754940712 0.09506681514476628 0.14045454545454555
1 0.9264476614699332 0.743794466403162 0.14710467706013353 0.31764822134387355