12 0.9793986636971047 0.7930434782608695 0.04120267260579064 0.10306324110671933
1 0.609064587973274 0.6938142292490118 0.14985523385300661 0.16146245059288547
1 0.47304008908685974 0.6660276679841897 0.04633630289532296 0.052490118577074994
1 0.4089532293986637 0.667094861660079 0.03249443207126943 0.05462450592885373
1 0.1712249443207127 0.6705731225296443 0.03551224944320711 0.04288537549407124
1 0.2104899777282851 0.6725691699604743 0.020768374164810664 0.038893280632410966
1 0.22989977728285077 0.6708300395256916 0.014443207126948805 0.027391304347826113
1 0.24788418708240534 0.6624308300395257 0.021815144766146967 0.029268774703557203
1 0.27172605790645876 0.6659090909090909 0.019855233853006665 0.030869565217391315
1 0.2918930957683742 0.6620355731225297 0.012037861915367423 0.025790513833992005
1 0.34373051224944323 0.6625691699604743 0.01790645879732744 0.037549407114624504