1 0.023685968819599112 0.6739723320158102 0.04612472160356348 0.0855335968379446
1 0.10815144766146993 0.672094861660079 0.07407572383073495 0.07521739130434794
1 0.1906347438752784 0.6691304347826087 0.048596881959910895 0.058300395256917
10 0.24361915367483297 0.6407114624505929 0.07914253897550111 0.10462450592885364
1 0.2894988864142539 0.6636363636363637 0.010144766146993334 0.02537549407114631
11 0.7696993318485524 0.6575098814229249 0.1864922048997773 0.19308300395256925
1 0.6539532293986637 0.6742885375494071 0.06380846325167033 0.08399209486166008
1 0.6074498886414254 0.6696837944664031 0.03512249443207123 0.052806324110671994
1 0.520456570155902 0.6661660079051384 0.06269487750556788 0.07213438735177866
10 0.5680066815144766 0.6195256916996048 0.09720489977728287 0.13027667984189714
1 0.4172494432071269 0.6628656126482214 0.03066815144766143 0.04359683794466392