9 0.01893095768374165 0.4170948616600791 0.0378619153674833 0.07053359683794466
1 0.08552338530066815 0.7645849802371542 0.1643652561247216 0.3307707509881423
12 0.14777282850779508 0.8381027667984189 0.04164810690423162 0.14577075098814227
2 0.29175946547884185 0.8450197628458498 0.06904231625835189 0.03707509881422923
1 0.9315144766146993 0.763596837944664 0.13697104677060135 0.23786561264822137
12 0.8926503340757238 0.8023320158102767 0.041425389755011185 0.12561264822134377
1 0.27962138084632515 0.6934189723320158 0.18062360801781735 0.172608695652174
2 0.1690423162583519 0.6886758893280633 0.024053452115812942 0.06824110671936753
8 0.37115812917594654 0.7559683794466403 0.013162583518931013 0.014565217391304357
1 0.8111135857461025 0.709505928853755 0.09591314031180388 0.09363636363636363
4 0.8405456570155901 0.6649407114624506 0.017360801781737104 0.04304347826086951
1 0.730957683741648 0.6790711462450593 0.04556792873051233 0.06616600790513838
0 0.8683296213808464 0.3200790513833992 0.015044543429844088 0.025988142292490073
9 0.40964365256124724 0.5129249011857708 0.019242761692650302 0.05737154150197623
9 0.5000668151447661 0.5866205533596838 0.01200445434298438 0.05584980237154148
9 0.63728285077951 0.5212648221343873 0.0130178173719377 0.04069169960474309
1 0.36327394209354125 0.6794466403162056 0.037717149220489986 0.0569960474308301
1 0.3981403118040089 0.6736363636363637 0.028318485523385246 0.03877470355731226
1 0.43376391982182627 0.6691304347826087 0.0303006681514477 0.03197628458498014
1 0.46443207126948777 0.6673715415019763 0.01743875278396433 0.02845849802371537
1 0.4792761692650334 0.6603557312252964 0.012494432071269518 0.023181818181818217
1 0.5561915367483296 0.677806324110672 0.04266146993318492 0.051501976284584874
1 0.6141870824053451 0.6607905138339921 0.012739420935412088 0.02407114624505919
1 0.6579732739420936 0.6581620553359683 0.011258351893095656 0.018794466403162038
3 0.6370601336302896 0.7199011857707509 0.2521046770601337 0.04772727272727268