11 0.7183853006681514 0.6519169960474308 0.12712694877505576 0.15772727272727263
1 0.6288418708240535 0.6623320158102767 0.0420489977728285 0.07541501976284579
1 0.589086859688196 0.6687944664031621 0.030545657015590272 0.046660079051383425
10 0.5582293986636971 0.6002173913043478 0.08631403118040094 0.07847826086956529
1 0.5287973273942094 0.6643083003952569 0.06208240534521158 0.07498023715415031
1 0.42158129175946546 0.6591501976284584 0.02819599109131409 0.04490118577075104
1 0.010579064587973273 0.6818181818181818 0.021158129175946547 0.07114624505928854
1 0.04711581291759466 0.668695652173913 0.05961024498886414 0.07498023715415031
1 0.1385077951002227 0.6667193675889328 0.06183741648106903 0.05786561264822129
1 0.20596881959910915 0.665296442687747 0.03475501113585744 0.03964426877470345
10 0.25364142538975504 0.6363241106719368 0.07197104677060136 0.07826086956521744
1 0.29630289532293985 0.6613438735177866 0.01632516703786188 0.022964426877470363