12 0.04476614699331849 0.761403162055336 0.03385300668151448 0.08725296442687742
1 0.9354120267260579 0.719505928853755 0.1291759465478842 0.1615612648221344
1 0.7957683741648107 0.719308300395257 0.11937639198218268 0.11766798418972325
1 0.6933184855233854 0.686897233201581 0.07483296213808469 0.08444664031620557
1 0.5700445434298441 0.6894664031620553 0.09331848552338524 0.11727272727272733
1 0.6371937639198219 0.6774110671936758 0.02494432071269498 0.06547430830039525
1 0.034521158129175944 0.6934189723320158 0.066815144766147 0.25167984189723325
1 0.08184855233853007 0.6791897233201581 0.025612472160356347 0.06507905138339912
1 0.11770601336302895 0.6807707509881423 0.03942093541202673 0.05243083003952564
1 0.16258351893095768 0.6694861660079051 0.042316258351893093 0.04966403162055335
1 0.21124721603563473 0.6700790513833992 0.021603563474387504 0.038992094861660116
1 0.2489977728285078 0.670296442687747 0.036971046770601326 0.06705533596837934
1 0.48574610244988864 0.6681225296442688 0.033853006681514454 0.058754940711462485
1 0.41714922048997777 0.6661264822134387 0.030289532293986687 0.04689723320158106