12 0.7815144766146993 0.8920750988142292 0.0730512249443206 0.2023122529644269
11 0.8830734966592427 0.5922727272727273 0.23162583518930957 0.7924308300395257
1 0.040200445434298446 0.6734584980237154 0.0799554565701559 0.08918972332015809
1 0.14064587973273943 0.6728656126482214 0.07193763919821826 0.05243083003952564
1 0.2125835189309577 0.6639525691699605 0.04209354120267262 0.03859683794466398
1 0.5525612472160356 0.6855138339920949 0.08730512249443205 0.10936758893280639
11 0.7013363028953229 0.6677272727272727 0.10868596881959901 0.12913043478260877
10 0.5966592427616926 0.6113833992094861 0.1273942093541203 0.11527667984189731
1 0.4822939866369711 0.6718774703557313 0.042538975501113636 0.05440711462450588
1 0.4122494432071269 0.6633596837944664 0.03830734966592425 0.049268774703557214
1 0.4485523385300668 0.6584189723320159 0.026280623608017844 0.027529644268774606