1 0.06992204899777282 0.7918577075098814 0.13572383073496658 0.3291699604743084
12 0.10483296213808463 0.8528853754940712 0.0444097995545657 0.15428853754940722
4 0.15616926503340758 0.6847628458498024 0.02106904231625837 0.07100790513833982
2 0.26710467706013363 0.8734189723320158 0.07354120267260578 0.048695652173913015
1 0.26338530066815147 0.6977865612648221 0.17351893095768373 0.18871541501976286
1 0.9296770601336303 0.7509683794466403 0.14064587973273937 0.2437154150197627
12 0.8805233853006682 0.7947628458498023 0.04648106904231627 0.11503952569169967
1 0.35571269487750556 0.6752569169960474 0.03827394209354121 0.05349802371541512
1 0.39248329621380845 0.6747628458498024 0.032616926503340714 0.04915019762845851
1 0.42721603563474386 0.670494071146245 0.03328507795100221 0.03893280632411076
9 0.40365256124721605 0.5089328063241106 0.020077951002227142 0.062154150197628495
9 0.49642538975501116 0.5784584980237154 0.009521158129175896 0.048952569169960436
9 0.6393429844097995 0.5148616600790513 0.00876391982182616 0.042233201581027675
1 0.55728285077951 0.6729249011857708 0.04544543429844104 0.055513833992094926
1 0.45828507795100226 0.662292490118577 0.024699331848552282 0.03258893280632413
1 0.8228841870824054 0.7094071146245059 0.09618040089086848 0.10023715415019768
4 0.8510690423162584 0.6550592885375494 0.013396436525612442 0.028596837944664086
4 0.918630289532294 0.25529644268774704 0.014610244988864022 0.03774703557312255
1 0.030000000000000006 0.6692687747035573 0.03965478841870824 0.06934782608695658
8 0.3630512249443207 0.761403162055336 0.013563474387527783 0.01598814229249018
3 0.6393541202672606 0.7193675889328063 0.2675167037861916 0.04428853754940705
3 0.42626948775055684 0.7090711462450593 0.1576057906458797 0.021561264822134326
0 0.6120044543429844 0.6557905138339921 0.016559020044543307 0.024861660079051464
0 0.7317149220489978 0.68098814229249 0.04868596881959914 0.06535573122529655
4 0.7599443207126948 0.6667786561264822 0.0077951002227171495 0.03450592885375501
4 0.7778953229398663 0.6676482213438735 0.007516703786191537 0.038695652173913124