2 0.5410913140311804 0.9754940711462451 0.13340757238307344 0.04901185770750979
1 0.017928730512249445 0.7974110671936759 0.03585746102449889 0.3568577075098813
12 0.013919821826280624 0.8610276679841897 0.02783964365256125 0.19164031620553365
1 0.03463251670378619 0.6799802371541502 0.03808463251670379 0.06666007905138344
1 0.0943207126948775 0.686304347826087 0.05055679287305123 0.047687747035573116
1 0.18897550111358574 0.7260276679841897 0.1908685968819599 0.17065217391304352
12 0.22516703786191536 0.7590316205533597 0.02939866369710465 0.0825098814229249
12 0.26971046770601337 0.7410474308300395 0.020489977728285053 0.07418972332015802
1 0.30434298440979957 0.6859090909090909 0.10979955456570159 0.13387351778656129
1 0.36570155902004453 0.6829446640316206 0.047661469933184805 0.09235177865612652
1 0.4910913140311804 0.6827470355731226 0.053452115812917596 0.06428853754940705
9 0.14944320712694875 0.5012845849802372 0.020489977728285067 0.057114624505928864
9 0.41959910913140314 0.5487351778656127 0.021826280623608044 0.0413241106719367
9 0.4938752783964365 0.6082213438735178 0.012249443207126948 0.04569169960474309
9 0.6057906458797327 0.559407114624506 0.011135857461024499 0.038952569169960545
1 0.7053452115812917 0.6997430830039526 0.054342984409799504 0.058754940711462485
4 0.7511135857461024 0.6815612648221344 0.014476614699331848 0.054011857707509964
1 0.3906681514476615 0.6799999999999999 0.017071269487750604 0.040513833992094864
1 0.4139755011135857 0.6782411067193675 0.027828507795100235 0.03699604743083009
1 0.44389755011135856 0.6753754940711463 0.028318485523385246 0.03569169960474298
1 0.6702783964365255 0.6812055335968379 0.024732739420935453 0.04511857707509889
1 0.6440534521158129 0.6701185770750988 0.021770601336302844 0.03393280632411059
1 0.6067149220489978 0.674604743083004 0.021269487750556693 0.031956521739130356
1 0.5934187082405346 0.6636363636363637 0.013229398663697226 0.018774703557312252
5 0.7848552338530066 0.84899209486166 0.049832962138084635 0.036146245059288463