1 0.9020044543429844 0.7130039525691699 0.19599109131403117 0.26314229249011856
12 0.9423162583518931 0.7930434782608695 0.047216035634743976 0.11887351778656122
12 0.828619153674833 0.7689130434782608 0.03585746102449894 0.11017786561264822
1 0.1821826280623608 0.7011264822134387 0.2151447661469933 0.2552371541501976
8 0.3 0.8009288537549407 0.027616926503340706 0.039822134387351736
9 0.37026726057906456 0.4759881422924901 0.036748329621380846 0.0697628458498024
9 0.47939866369710465 0.5605928853754941 0.014476614699331848 0.06503952569169955
9 0.6412026726057906 0.48152173913043483 0.015144766146993217 0.04920948616600792
3 0.5497772828507795 0.7117984189723321 0.5129175946547885 0.04731225296442699
1 0.7526726057906459 0.6699011857707511 0.05768374164810686 0.08998023715415014
4 0.7870824053452116 0.6663241106719368 0.01737193763919812 0.0591501976284584
1 0.561358574610245 0.6641501976284585 0.03585746102449894 0.05084980237154154
1 0.3204899777282851 0.6780039525691699 0.04187082405345214 0.05480237154150201
1 0.36091314031180405 0.6712648221343874 0.026948775055679337 0.049268774703557214
1 0.4032293986636971 0.6665217391304348 0.031403118040089134 0.039782608695652165
1 0.5957683741648107 0.6467588932806324 0.013363028953229399 0.031857707509881435