12 0.6610244988864142 0.8252569169960474 0.041425389755011185 0.17146245059288537
11 0.8358574610244989 0.5835770750988143 0.3260579064587973 0.8066600790513834
1 0.02839643652561247 0.6823517786561264 0.05679287305122494 0.08721343873517785
1 0.13652561247216036 0.668498023715415 0.05701559020044542 0.05164031620553359
1 0.17728285077951 0.6752173913043479 0.01826280623608015 0.04136363636363626
1 0.25412026726057907 0.6732608695652175 0.07839643652561244 0.07693675889328053
10 0.2354120267260579 0.6293675889328063 0.09443207126948776 0.07614624505928848
1 0.5402004454342985 0.6813636363636363 0.07817371937639203 0.10501976284584978
10 0.6296213808463251 0.6048616600790514 0.1345211581291759 0.15361660079051387
10 0.41035634743875277 0.6637549407114625 0.036748329621380846 0.057964426877470436
10 0.47371937639198214 0.6685177865612648 0.0365256124721603 0.06745059288537548