5 0.7237193763919821 0.9163636363636364 0.09777282850779505 0.08096837944664037
2 0.4974387527839644 0.8655731225296444 0.0728285077951002 0.04656126482213428
1 0.07371937639198219 0.7337747035573123 0.14521158129175948 0.5220750988142292
12 0.024721603563474387 0.8831818181818182 0.03830734966592427 0.220098814229249
12 0.12639198218262807 0.805296442687747 0.034521158129175944 0.15130434782608684
9 0.16547884187082404 0.5127470355731225 0.025835189309576824 0.056343873517786545
1 0.21670378619153674 0.7092292490118577 0.1461024498886414 0.15679841897233207
1 0.31169265033407567 0.6815612648221344 0.09331848552338529 0.13308300395256922
1 0.3653674832962138 0.6799802371541502 0.04476614699331854 0.09828063241106723
9 0.4198218262806236 0.5507114624505929 0.017817371937639197 0.03737154150197622
9 0.46770601336302897 0.6841304347826087 0.0556792873051225 0.07100790513833982
4 0.7278396436525613 0.6815612648221344 0.01469933184855239 0.054011857707509964
1 0.6789309576837416 0.6928458498023715 0.04699331848552343 0.061818181818181765
1 0.6517260579064588 0.6752766798418972 0.017316258351893044 0.044249011857707486
1 0.41150334075723827 0.6775889328063242 0.027828507795100235 0.04667984189723321
1 0.3907906458797327 0.6757114624505929 0.014844097995545702 0.036343873517786535
1 0.596815144766147 0.6701185770750988 0.021269487750556693 0.0317391304347825
1 0.6319376391982183 0.6692490118577075 0.022260579064587983 0.029980237154150116
4 0.7121937639198218 0.6745059288537549 0.012115812917594776 0.04930830039525701
9 0.48878619153674835 0.602193675889328 0.009086859688195956 0.03865612648221333