9 0.26971046770601337 0.3908102766798419 0.03830734966592425 0.08515810276679849
9 0.42906458797327396 0.5196640316205533 0.020712694877505593 0.07413043478260868
9 0.6542316258351893 0.4190711462450593 0.021158129175946547 0.06658102766798418
1 0.8570155902004455 0.7019169960474309 0.21959910913140318 0.19357707509881433
4 0.011692650334075724 0.6898616600790514 0.02338530066815145 0.09434782608695653
1 0.22126948775055677 0.6833399209486166 0.0639198218262806 0.06942687747035572
1 0.28095768374164815 0.6805731225296443 0.04966592427616929 0.055988142292490196
1 0.33474387527839644 0.6706719367588934 0.04365256124721609 0.04413043478260878
1 0.5450890868596882 0.6565810276679842 0.03082405345211576 0.05460474308300394
4 0.755011135857461 0.6372727272727272 0.014086859688196092 0.03543478260869555
3 0.4522271714922049 0.7290711462450593 0.575835189309577 0.060731225296442724
5 0.649075723830735 0.8976086956521739 0.03066815144766143 0.05903162055335969
7 0.5958685968819599 0.8548418972332016 0.06195991091314036 0.06235177865612639
7 0.6771603563474388 0.9583399209486166 0.0884075723830736 0.08330039525691695
7 0.5975946547884187 0.8005533596837945 0.049755011135857535 0.05094861660079046
7 0.578652561247216 0.7431818181818182 0.03379732739420931 0.061205533596837995
7 0.5858574610244989 0.9188537549407114 0.060712694877505545 0.043221343873517795
7 0.5899220489977728 0.9795454545454545 0.06259465478841875 0.039624505928853665
7 0.4810133630289532 0.9558102766798419 0.07635857461024505 0.07822134387351787