1 0.05367483296213809 0.6859090909090909 0.06057906458797328 0.05480237154150201
1 0.12616926503340756 0.6815612648221344 0.07416481069042316 0.06982213438735185
1 0.24342984409799553 0.6752371541501977 0.07483296213808462 0.08879446640316195
1 0.40601336302895324 0.6663241106719368 0.04365256124721609 0.0591501976284584
1 0.4586859688195991 0.6645454545454546 0.030957683741648055 0.04373517786561264
1 0.5138084632516704 0.6694861660079051 0.0365256124721603 0.04966403162055335
11 0.6383073496659243 0.6736561264822134 0.200890868596882 0.2595849802371542
12 0.8679287305122494 0.7548814229249012 0.023162583518930906 0.0781422924901185
12 0.9663697104677059 0.7754347826086957 0.032962138084632414 0.07183794466403166
12 0.7880846325167038 0.7390711462450593 0.01714922048997783 0.04652173913043471
1 0.9315144766146993 0.7129841897233201 0.13697104677060135 0.16826086956521735
1 0.8170378619153675 0.6845256916996048 0.10311804008908676 0.1429644268774704