12 0.7792873051224943 0.8078656126482213 0.032962138084632414 0.13667984189723315
12 0.9693763919821826 0.8841699604743083 0.061247216035634745 0.1706916996047431
1 0.8946547884187083 0.7414624505928854 0.20846325167037866 0.36750988142292496
1 0.7404231625835189 0.6815612648221344 0.09999999999999995 0.11727272727272733
1 0.5828507795100223 0.668913043478261 0.048106904231625884 0.06033596837944659
11 0.5076837416481069 0.6428260869565217 0.07594654788418713 0.13464426877470353
11 0.4116926503340757 0.6657509881422925 0.06748329621380848 0.10144268774703566
1 0.25534521158129175 0.6643478260869565 0.0652561247216036 0.06310276679841888
1 0.027282850779510023 0.687094861660079 0.05456570155902005 0.080889328063241
1 0.07394209354120268 0.6722727272727274 0.06993318485523385 0.06310276679841888
11 0.14142538975501115 0.6491501976284586 0.08463251670378619 0.09986166007905133