1 0.0599109131403118 0.7161462450592886 0.1175946547884187 0.2220355731225297
11 0.655902004454343 0.6675296442687747 0.24053452115812918 0.30662055335968375
1 0.8003340757238308 0.6912450592885375 0.046102449888641525 0.11687747035573119
1 0.9103563474387528 0.719505928853755 0.17928730512249444 0.1773715415019763
12 0.9062360801781737 0.7633794466403162 0.028507795100222617 0.08330039525691695
12 0.8287305122494433 0.7497430830039525 0.03385300668151458 0.05996047430830046
12 0.09877505567928731 0.7511264822134387 0.03273942093541203 0.08249011857707511
12 0.01091314031180401 0.7839525691699605 0.01959910913140312 0.10859683794466413
1 0.2661469933184855 0.6724703557312253 0.066815144766147 0.07535573122529643
1 0.15835189309576836 0.6746442687747035 0.056124721603563466 0.06784584980237163
1 0.19621380846325165 0.6760276679841897 0.016035634743875253 0.04294466403162059
1 0.21770601336302894 0.6708695652173913 0.021158129175946547 0.040573122529644214
1 0.4064587973273942 0.668913043478261 0.044543429844097995 0.06033596837944659
1 0.4569042316258352 0.668102766798419 0.02739420935412029 0.04294466403162059
1 0.5174832962138084 0.6694861660079051 0.032739420935412 0.04966403162055335
1 0.3080178173719377 0.6645454545454546 0.01692650334075729 0.02792490118577074