1 0.7763919821826281 0.7195256916996047 0.31670378619153683 0.27223320158102765
12 0.7195991091314031 0.8232806324110672 0.047216035634743976 0.14379446640316204
12 0.6306236080178174 0.778399209486166 0.018485523385300566 0.09752964426877475
10 0.8524498886414253 0.48703557312252965 0.2951002227171492 0.1927272727272727
10 0.07805122494432072 0.6191897233201581 0.15402004454342985 0.22090909090909086
1 0.16273942093541202 0.6797826086956522 0.03279510022271714 0.07318181818181813
1 0.19304008908685968 0.6770158102766798 0.02698218262806238 0.04924901185770743
1 0.6189532293986637 0.6905533596837945 0.02650334075723826 0.056462450592885474
1 0.5939532293986637 0.6884584980237154 0.028552338530066928 0.049466403162055285
1 0.5678507795100223 0.6855138339920949 0.02523385300668148 0.0575691699604743
1 0.484086859688196 0.6775296442687747 0.037538975501113625 0.05561264822134385
1 0.5149331848552339 0.6744466403162055 0.01877505567928732 0.04385375494071157
1 0.4138975501113586 0.673893280632411 0.02650334075723826 0.04272727272727274
1 0.27075723830734966 0.669407114624506 0.016247216035634716 0.03377470355731232