1 0.02783964365256125 0.6857114624505929 0.044543429844097995 0.08998023715415014
10 0.1334075723830735 0.6372924901185771 0.1755011135857461 0.13938735177865608
1 0.8903118040089086 0.7242687747035573 0.21937639198218262 0.3924110671936758
12 0.794543429844098 0.8349407114624506 0.052338530066815145 0.13944664031620543
10 0.7374164810690423 0.5580434782608695 0.3412026726057907 0.28523715415019774
1 0.5605790645879732 0.6830237154150198 0.029699331848552356 0.03861660079051376
1 0.5402449888641425 0.6800592885375495 0.01043429844097996 0.04454545454545447
1 0.5266703786191537 0.6757707509881423 0.014042316258351908 0.04549407114624502
1 0.49597995545657014 0.6791106719367589 0.042271714922049036 0.07112648221343876
1 0.4163919821826281 0.6731620553359684 0.024877505567928768 0.04501976284584975
1 0.22611358574610246 0.6749407114624506 0.01484409799554564 0.04146245059288541
1 0.24203786191536747 0.672806324110672 0.017249443207126958 0.03243083003952563
1 0.2911247216035635 0.6694861660079051 0.016447661469933164 0.025790513833992005