1 0.014476614699331848 0.6841304347826087 0.026726057906458798 0.07100790513833982
1 0.14008908685968818 0.7432411067193676 0.24231625835189308 0.19318181818181818
12 0.18641425389755012 0.7859288537549407 0.03207126948775057 0.10464426877470365
12 0.2492204899777283 0.7584387351778655 0.024053452115812942 0.07735177865612645
1 0.2978841870824053 0.6963833992094862 0.12806236080178174 0.13505928853754948
12 0.3248329621380846 0.7368972332015811 0.0260579064587973 0.06984189723320164
12 0.3530066815144766 0.7293873517786561 0.017817371937639197 0.046916996047430846
9 0.12160356347438753 0.483695652173913 0.022717149220489983 0.057509881422924944
9 0.42171492204899774 0.5430039525691699 0.019376391982182602 0.049624505928853785
9 0.6189309576837416 0.5479446640316206 0.015144766146993217 0.039743083003952594
9 0.5003340757238307 0.6005138339920949 0.011804008908685994 0.042134387351778754
4 0.7810690423162583 0.6934189723320158 0.01870824053452111 0.06191699604743091
1 0.3633630289532294 0.6851185770750988 0.03630289532293989 0.08484189723320149
1 0.5185968819599109 0.6857114624505929 0.0483296213808463 0.05835968379446635
1 0.9888641425389755 0.7981818181818182 0.022271714922048998 0.16869565217391308
1 0.732739420935412 0.7038932806324111 0.060133630289532294 0.07893280632411055
1 0.691870824053452 0.686304347826087 0.029621380846325065 0.063498023715415
1 0.3883073496659243 0.6821541501976285 0.014922048997772804 0.0433399209486165
1 0.41124721603563474 0.6807707509881423 0.029621380846325193 0.03662055335968374
1 0.44610244988864145 0.6750197628458499 0.025835189309576886 0.02911067193675893
1 0.6183741648106904 0.6736363636363637 0.016258351893095668 0.022391304347826168
1 0.6554565701559021 0.6692885375494072 0.01692650334075729 0.021600790513833894
1 0.6042316258351893 0.6631620553359684 0.01247216035634749 0.02120553359683798
1 0.4729064587973274 0.668498023715415 0.02307349665924279 0.02397233201581027
2 0.028173719376391983 0.8860474308300395 0.05276169265033408 0.04470355731225297