1 0.09543429844097996 0.7163636363636364 0.19086859688195992 0.4714822134387351
9 0.1775055679287305 0.5192687747035574 0.02316258351893097 0.049624505928853785
12 0.1232739420935412 0.8515415019762845 0.037193763919821834 0.20428853754940712
12 0.18329621380846325 0.7898814229249012 0.025835189309576824 0.1283596837944665
1 0.24097995545657017 0.6930237154150198 0.11893095768374166 0.13229249011857697
12 0.2670378619153675 0.7321541501976285 0.024053452115812942 0.06035573122529637
12 0.2898663697104677 0.7232608695652174 0.022939866369710495 0.04652173913043471
1 0.3161469933184855 0.6768181818181819 0.08440979955456568 0.12359683794466396
1 0.36870824053452117 0.6744466403162055 0.04699331848552343 0.08721343873517785
1 0.4552338530066815 0.678201581027668 0.05746102449888644 0.08286561264822125
1 0.4111358574610245 0.6732411067193677 0.03162583518930955 0.04531620553359674
9 0.7489977728285078 0.05774703557312253 0.04365256124721609 0.11549407114624506
4 0.7124721603563474 0.6744466403162055 0.015144766146993217 0.05559288537549406
2 0.483630289532294 0.821304347826087 0.05412026726057909 0.03705533596837945
5 0.6581291759465479 0.8535177865612649 0.05790645879732739 0.04221343873517789
1 0.6668151447661469 0.6861067193675889 0.044097995545656916 0.05124505928853745
1 0.6247216035634744 0.6661264822134387 0.017817371937639197 0.031086956521739165
1 0.5934298440979955 0.6702766798418973 0.019821826280623556 0.03543478260869555
1 0.5759465478841871 0.6611857707509882 0.013808463251670417 0.025158102766798456
9 0.5871937639198218 0.5574308300395256 0.007349665924276068 0.027094861660079125
9 0.48538975501113585 0.5993280632411067 0.01260579064587979 0.04782608695652183
9 0.4178062360801782 0.5555138339920949 0.015044543429844088 0.042332015810276596