12 0.696770601336303 0.8507509881422926 0.04832962138084643 0.18689723320158091
11 0.8449888641425389 0.5940513833992095 0.30334075723830745 0.8078656126482213
1 0.5446547884187083 0.6829446640316206 0.08708240534521164 0.1081818181818182
1 0.4798440979955456 0.6669367588932806 0.03808463251670384 0.06428853754940705
1 0.4125835189309577 0.6649407114624506 0.03229398663697105 0.05243083003952564
1 0.4465478841870824 0.6582213438735178 0.026726057906458798 0.031086956521739165
1 0.059465478841870825 0.6819565217391305 0.09710467706013363 0.09432806324110675
1 0.16124721603563474 0.6649407114624506 0.057461024498886425 0.05243083003952564
1 0.30222717149220485 0.6629644268774704 0.040979955456570134 0.05638339920948611
1 0.2024498886414254 0.6645454545454546 0.019599109131403142 0.04373517786561264
10 0.24253897550111359 0.6396442687747036 0.09086859688195993 0.09669960474308291
10 0.6467706013363028 0.584505928853755 0.18218262806236077 0.14055335968379448