1 0.011258351893095767 0.6790118577075098 0.022505567928730513 0.08849802371541497
1 0.09073496659242762 0.6722727272727274 0.07858574610244988 0.07274703557312265
1 0.1803786191536748 0.6699999999999999 0.049521158129175916 0.04992094861660077
10 0.23729398663697104 0.6411264822134388 0.08488864142538978 0.09488142292490116
1 0.2856458797327394 0.6656521739130434 0.011837416481069037 0.027529644268774606
1 0.41850779510022273 0.6647430830039526 0.02804008908685963 0.04397233201581028
1 0.521781737193764 0.6702173913043478 0.0571046770601336 0.07320158102766791
11 0.8057683741648107 0.6576877470355732 0.20320712694877507 0.2124505928853755
1 0.6711024498886414 0.6710276679841898 0.07536748329621389 0.09077075098814219
1 0.6269933184855233 0.673300395256917 0.041158129175946585 0.05881422924901184
10 0.5762583518930958 0.6219367588932806 0.10044543429844104 0.1341304347826087