5 0.5671380846325167 0.7766798418972332 0.04146993318485518 0.0265217391304347
1 0.546336302895323 0.658695652173913 0.06808463251670384 0.07065217391304347
11 0.6351559020044544 0.6499011857707511 0.08520044543429843 0.10531620553359676
10 0.5348329621380846 0.6236758893280632 0.07182628062360802 0.09320158102766792
1 0.5861915367483296 0.6520355731225297 0.01939866369710476 0.057351778656126444
1 0.4193318485523385 0.651205533596838 0.026748329621380827 0.04381422924901178
1 0.013975501113585746 0.6692490118577075 0.02527839643652561 0.08940711462450594
1 0.0817260579064588 0.6698418972332015 0.08453229398663696 0.05972332015810282
1 0.14011135857461024 0.6630830039525691 0.05015590200445435 0.06754940711462441
1 0.18986636971046772 0.6587944664031621 0.048017817371937645 0.04950592885375485
1 0.24116926503340758 0.6560671936758894 0.034242761692650336 0.04167984189723326
10 0.27781737193763917 0.633399209486166 0.059387527839643635 0.07942687747035584