1 0.5926614699331849 0.6996245059288537 0.12596881959910908 0.1490513833992094
1 0.6916369710467707 0.6853162055335968 0.07198218262806247 0.10654150197628452
1 0.48187082405345216 0.6686561264822134 0.04209354120267256 0.06209486166007897
1 0.41396436525612473 0.6672727272727272 0.0314476614699332 0.05377470355731233
1 0.3182739420935412 0.6653162055335968 0.0388084632516704 0.04432806324110662
1 0.13378619153674834 0.6674110671936758 0.06102449888641424 0.05126482213438746
1 0.17791759465478843 0.6719762845849802 0.024097995545657 0.03543478260869555
1 0.20287305122494434 0.6725494071146245 0.025501113585746076 0.036541501976284606
1 0.22838530066815146 0.6651778656126482 0.02957683741648107 0.035711462450592986
1 0.25821826280623605 0.6668181818181819 0.029187082405345188 0.038320158102766774
1 0.28517817371937637 0.6593675889328063 0.023741648106904257 0.032173913043478206