1 0.16425389755011136 0.7001383399209485 0.08351893095768374 0.08328063241106717
1 0.23407572383073497 0.6827470355731226 0.05612472160356345 0.06428853754940705
1 0.29810690423162584 0.670494071146245 0.0527839643652561 0.063498023715415
4 0.3330734966592428 0.6463636363636364 0.01135857461024504 0.023162055335968434
1 0.34888641425389755 0.6617786561264822 0.029621380846325193 0.030296442687747116
1 0.8015590200445434 0.6953952569169961 0.1844097995545656 0.2002766798418973
1 0.9146993318485523 0.6675296442687747 0.04365256124721609 0.11685770750988142
1 0.533630289532294 0.652094861660079 0.027171492204899752 0.046501976284584925
3 0.5165924276169265 0.761205533596838 0.9579064587973275 0.059169960474308406
9 0.19821826280623608 0.32458498023715415 0.042316258351893093 0.12268774703557309
9 0.4030066815144766 0.49120553359683794 0.017594654788418658 0.09626482213438736
9 0.6697104677060134 0.3724110671936759 0.01870824053452111 0.06816205533596839
5 0.6169265033407573 0.8143873517786561 0.024498886414253896 0.03507905138339921
5 0.6826280623608018 0.9045059288537549 0.026726057906458798 0.04142292490118584
7 0.7229398663697105 0.9424703557312253 0.04944320712694888 0.0857114624505929
7 0.657683741648107 0.8687351778656126 0.048106904231625884 0.06869565217391302
7 0.5896436525612472 0.7568577075098815 0.034521158129175944 0.058379446640316135
7 0.9712694877505569 0.9294268774703558 0.04276169265033418 0.06752964426877463
7 0.9 0.9092490118577075 0.06948775055679297 0.06673913043478258