1 0.8502227171492205 0.74699604743083 0.29955456570155903 0.3944071146245058
12 0.7405345211581291 0.8165612648221344 0.044543429844097995 0.12245059288537556
12 0.950445434298441 0.8950395256916995 0.09910913140311804 0.19638339920948616
10 0.8056792873051225 0.5149407114624506 0.3775055679287305 0.31764822134387355
10 0.1101336302895323 0.6372924901185771 0.2024498886414254 0.15519762845849797
1 0.21395322939866368 0.6723122529644269 0.021703786191536758 0.05298418972332005
1 0.2320378619153675 0.6725691699604743 0.018919821826280634 0.048537549407114515
1 0.4143318485523385 0.6736758893280632 0.026013363028953244 0.048280632411067094
1 0.4926503340757238 0.6762648221343873 0.04075723830734969 0.060889328063241
1 0.5341759465478841 0.6755335968379447 0.022260579064587983 0.04458498023715404
1 0.5505902004454343 0.6810869565217391 0.010567928730512259 0.04335968379446651
1 0.5767483296213808 0.6867588932806324 0.035055679287305144 0.049782608695652285
0 0.43596881959910916 0.4331225296442688 0.010089086859688135 0.02735177865612643