12 0.7183741648106905 0.8483794466403162 0.06035634743875284 0.18215415019762837
11 0.8602449888641426 0.5871541501976285 0.2750556792873051 0.825691699604743
10 0.6385300668151448 0.6127865612648221 0.15946547884187087 0.18523715415019767
1 0.5541202672605791 0.6805731225296443 0.08329621380846321 0.11924901185770757
1 0.48262806236080175 0.670494071146245 0.03474387527839649 0.063498023715415
1 0.4138084632516704 0.668498023715415 0.03429844097995541 0.05164031620553359
1 0.44832962138084637 0.6582213438735178 0.02138084632516709 0.031086956521739165
1 0.32728285077950997 0.6613833992094862 0.03585746102449894 0.053221343873517686
1 0.29643652561247213 0.6633596837944664 0.024053452115812942 0.03345849802371532
10 0.25534521158129175 0.6396442687747036 0.07416481069042319 0.080889328063241
1 0.18641425389755012 0.667312252964427 0.04810690423162582 0.057173913043478165
1 0.21369710467706013 0.6633596837944664 0.013585746102449876 0.03345849802371532
1 0.09242761692650334 0.6813636363636363 0.0757238307349666 0.08918972332015809