12 0.6121380846325167 0.7979841897233201 0.03942093541202683 0.1722529644268774
12 0.8061247216035634 0.9102766798418973 0.10222717149220485 0.17944664031620544
11 0.8104677060133629 0.5859486166007906 0.37683741648106917 0.795592885375494
1 0.07383073496659243 0.6669367588932806 0.1418708240534521 0.14335968379446634
12 0.052338530066815145 0.7159486166007905 0.031180400890868598 0.051660079051383374
12 0.12182628062360802 0.6985573122529645 0.01870824053452117 0.048478260869565165
1 0.5286191536748329 0.6787944664031621 0.0728285077951002 0.1038142292490118
1 0.47015590200445434 0.6582213438735178 0.04187082405345214 0.04689723320158106
1 0.41247216035634743 0.6566403162055335 0.03697104677060139 0.04373517786561264
11 0.3131403118040089 0.6479446640316205 0.03162583518930955 0.04215415019762854
1 0.25801781737193763 0.6615810276679842 0.04521158129175949 0.04966403162055335
10 0.16971046770601336 0.6218577075098815 0.14565701559020044 0.11646245059288528