4 0.981314031180401 0.6881225296442688 0.027706013363029074 0.129110671936759
3 0.8552338530066815 0.7302371541501976 0.289532293986637 0.07312252964426877
1 0.5793095768374165 0.6710474308300396 0.08126948775055681 0.09784584980237153
1 0.4278953229398664 0.6512845849802372 0.028207126948775103 0.03851778656126484
1 0.07753897550111358 0.6840118577075099 0.14506681514476613 0.10693675889328066
1 0.017316258351893096 0.6580434782608696 0.02838530066815145 0.04166007905138348
1 0.17851893095768376 0.6645849802371541 0.04815144766146994 0.04810276679841904
1 0.2116703786191537 0.6553754940711463 0.03189309576837415 0.0540909090909091
1 0.24206013363028953 0.6501581027667984 0.03014476614699331 0.05031620553359691
1 0.275445434298441 0.652588932806324 0.02438752783964366 0.03300395256917005
10 0.3047772828507795 0.6311857707509881 0.0467706013363029 0.06339920948616609