1 0.6248329621380847 0.6673320158102767 0.09599109131403123 0.10460474308300385
4 0.8109131403118041 0.6722727272727274 0.03385300668151458 0.09472332015810267
4 0.8400890868596882 0.6708893280632412 0.019153674832962188 0.0880039525691699
4 0.066815144766147 0.6625691699604743 0.0200445434298441 0.03187747035573121
1 0.10801781737193764 0.6855138339920949 0.0801781737193764 0.06191699604743091
1 0.16158129175946548 0.6698814229249012 0.033630289532293973 0.04254940711462445
1 0.1997772828507795 0.6653359683794466 0.04097995545657017 0.04531620553359674
1 0.24153674832962138 0.6625691699604743 0.02873051224944322 0.03187747035573121
1 0.2834075723830735 0.659802371541502 0.04120267260579064 0.05005928853754949
10 0.33040089086859686 0.6311462450592885 0.0505567928730512 0.044110671936758994
1 0.4434298440979955 0.6485375494071147 0.020489977728285053 0.047292490118576974