3 0.49955456570155904 0.8564822134387352 0.9986636971046771 0.16278656126482213
1 0.02060133630289532 0.7001383399209485 0.04120267260579064 0.09909090909090906
1 0.10512249443207128 0.6991501976284584 0.09665924276169266 0.0852569169960474
1 0.20211581291759464 0.6815612648221344 0.07015590200445435 0.06982213438735185
4 0.2569042316258352 0.6550592885375494 0.010467706013363004 0.024762845849802317
1 0.27839643652561247 0.668102766798419 0.0334075723830735 0.04294466403162059
1 0.9621380846325167 0.686897233201581 0.0757238307349666 0.16351778656126484
12 0.9631403118040088 0.7250395256916996 0.037639198218262754 0.0777470355731226
4 0.865924276169265 0.6566403162055335 0.023608017817371988 0.07535573122529643
1 0.7351893095768375 0.6894664031620553 0.14075723830734976 0.14889328063241114
1 0.5002227171492205 0.6491304347826087 0.02271714922048995 0.05243083003952564
9 0.30534521158129174 0.3787549407114625 0.02939866369710465 0.14405138339920945
9 0.7483296213808464 0.1866205533596838 0.0378619153674833 0.09181818181818184
1 0.33028953229398667 0.6532806324110672 0.01870824053452111 0.04096837944664035
7 0.6615812917594655 0.845810276679842 0.058129175946547935 0.08608695652173902
7 0.7155902004454343 0.93300395256917 0.09265033407572389 0.13399209486166
5 0.9112472160356347 0.8713043478260869 0.05412026726057896 0.054071146245059314