3 0.30066815144766146 0.830197628458498 0.6013363028953229 0.09833992094861659
9 0.32962138084632514 0.408794466403162 0.028953229398663696 0.14090909090909093
9 0.7279510022271716 0.23108695652173913 0.02160356347438763 0.08195652173913046
1 0.7489977728285078 0.677608695652174 0.14164810690423169 0.15679841897233207
1 0.9510022271714922 0.6841304347826087 0.09799554565701558 0.15007905138339908
4 0.8536748329621381 0.6552766798418972 0.02138084632516709 0.08444664031620557
1 0.04120267260579064 0.7052766798418972 0.0801781737193764 0.13308300395256922
1 0.1376391982182628 0.6918379446640316 0.08775055679287307 0.10620553359683796
1 0.23318485523385302 0.6736561264822134 0.06146993318485522 0.08563241106719376
1 0.5053452115812918 0.6493280632411067 0.028507795100222742 0.0488735177865613
4 0.26829621380846325 0.6534782608695653 0.011202672605790649 0.034624505928853716
1 0.2919265033407572 0.6647430830039526 0.038374164810690434 0.042134387351778754
1 0.31713808463251675 0.6549802371541502 0.015857461024498896 0.03011857707509883
1 0.3427728285077951 0.650197628458498 0.022728285077950966 0.04120553359683799
1 0.4300890868596882 0.6410079051383399 0.01659242761692648 0.026561264822134494
5 0.8397661469933185 0.8367984189723321 0.05165924276169276 0.04237154150197639
7 0.6870824053452116 0.8942687747035574 0.14699331848552338 0.21146245059288538