1 0.7936525612472161 0.7137747035573123 0.15434298440979946 0.13822134387351767
1 0.6902004454342984 0.6959881422924902 0.06503340757238317 0.07893280632411055
1 0.5864142538975501 0.6944071146245059 0.1122494432071269 0.13901185770750996
1 0.4864142538975501 0.669703557312253 0.04053452115812915 0.06191699604743091
1 0.41659242761692655 0.6698814229249012 0.039866369710467656 0.04254940711462445
1 0.2557906458797327 0.6738537549407115 0.07639198218262809 0.0820750988142292
1 0.07293986636971046 0.6783992094861659 0.09020044543429843 0.063498023715415
1 0.1334075723830735 0.6736561264822134 0.03296213808463251 0.054011857707509964
1 0.16971046770601336 0.676205533596838 0.02984409799554567 0.03938735177865603
1 0.20077951002227173 0.6671146245059288 0.031848552338530095 0.04492094861660083
1 0.30556792873051225 0.6675098814229249 0.02806236080178179 0.037806324110671925