12 0.7820712694877505 0.8924901185770752 0.07193763919821816 0.2150197628458497
12 0.6228285077951001 0.788300395256917 0.037193763919821925 0.10938735177865617
11 0.8144766146993319 0.6175691699604743 0.3688195991091315 0.7007312252964426
11 0.04732739420935412 0.6568577075098815 0.09465478841870824 0.1350395256916997
12 0.06726057906458797 0.7080434782608696 0.020935412026726056 0.051660079051383374
1 0.12861915367483295 0.6736561264822134 0.03897550111358575 0.054011857707509964
1 0.18596881959910913 0.6681225296442688 0.05790645879732739 0.058754940711462485
11 0.276837416481069 0.6586363636363636 0.06146993318485522 0.08721343873517785
11 0.5214922048997773 0.6675296442687747 0.04966592427616929 0.06942687747035572
11 0.465924276169265 0.6649407114624506 0.03429844097995541 0.05243083003952564
11 0.4139198218262806 0.6655335968379447 0.03630289532293989 0.0575691699604743