9 0.045657015590200446 0.1441304347826087 0.09131403118040089 0.1609881422924901
9 0.34476614699331853 0.43488142292490123 0.041425389755011185 0.12984189723320155
9 0.7141425389755011 0.2656916996047431 0.020712694877505468 0.09183794466403164
1 0.7556792873051226 0.6746442687747035 0.15501113585746107 0.1627272727272728
4 0.8478841870824053 0.6544664031620554 0.027616926503340706 0.08286561264822125
1 0.9315144766146993 0.6720750988142292 0.13697104677060135 0.1773517786561265
3 0.4994432071269488 0.8068774703557312 0.9988864142538976 0.0912055335968379
1 0.057795100222717145 0.7046837944664032 0.1111358574610245 0.09632411067193677
1 0.15679287305122497 0.6894664031620553 0.08418708240534523 0.06982213438735185
1 0.23908685968819599 0.6754347826086956 0.055011135857461 0.05361660079051383
4 0.284075723830735 0.6471541501976285 0.011358574610244976 0.024743083003952532
1 0.30445434298440976 0.6643478260869565 0.027616926503340706 0.03148221343873508
1 0.32962138084632514 0.6572332015810277 0.0200445434298441 0.033063241106719404
1 0.5132516703786191 0.6511067193675889 0.028730512249443157 0.048478260869565165
7 0.6330734966592427 0.8264426877470356 0.06347438752783964 0.0868774703557313
7 0.6791759465478842 0.9159683794466403 0.07995545657015585 0.08808300395256927
7 0.7437639198218262 0.9616600790513834 0.06659242761692645 0.0766798418972331
5 0.7896436525612472 0.8119960474308301 0.033630289532294036 0.030335968379446684