12 0.6055679287305122 0.7912648221343873 0.041870824053452015 0.11926877470355736
12 0.7787305122494431 0.8891106719367589 0.09643652561247205 0.2082411067193676
11 0.8061247216035634 0.5697233201581027 0.3788418708240535 0.7552766798418974
1 0.52728285077951 0.6772134387351779 0.07015590200445435 0.08484189723320149
1 0.41135857461024494 0.6599999999999999 0.027616926503340706 0.046501976284584925
1 0.4679287305122494 0.6631620553359684 0.033853006681514454 0.05282608695652177
1 0.1868596881959911 0.6657509881422925 0.07394209354120265 0.06982213438735185
1 0.015033407572383074 0.6744466403162055 0.030066815144766147 0.07140316205533596
10 0.12761692650334075 0.6208695652173913 0.1728285077951002 0.1342490118577074
11 0.2951002227171492 0.652094861660079 0.035634743875278395 0.046501976284584925
11 0.5690423162583519 0.6645454545454546 0.022271714922048998 0.04373517786561264