1 0.056681514476614694 0.7313833992094861 0.11336302895322939 0.45409090909090905
12 0.0933184855233853 0.821897233201581 0.03296213808463251 0.16869565217391308
9 0.15835189309576836 0.5095849802371542 0.02939866369710465 0.050019762845849754
1 0.2086859688195991 0.7171343873517787 0.15679287305122497 0.14098814229249018
12 0.24153674832962138 0.7491501976284585 0.02873051224944322 0.07063241106719369
12 0.27561247216035634 0.7353162055335968 0.021158129175946547 0.06667984189723322
2 0.5075723830734967 0.8960079051383399 0.08641425389755014 0.05209486166007908
2 0.7805122494432071 0.9636363636363637 0.10890868596881954 0.07272727272727264
5 0.7236080178173719 0.8124110671936758 0.04632516703786181 0.03903162055335968
4 0.7346325167037863 0.6894664031620553 0.01714922048997783 0.06982213438735185
1 0.3103563474387528 0.686897233201581 0.0906458797327394 0.11608695652173914
1 0.36770601336302894 0.6807707509881423 0.04721603563474385 0.08405138339920944
1 0.47561247216035635 0.6835375494071146 0.055902004454343034 0.06586956521739139
1 0.6858574610244988 0.6910474308300396 0.048775055679287256 0.057173913043478165
1 0.6565701559020045 0.6768181818181819 0.01469933184855239 0.044525691699604686
1 0.12320712694877506 0.6784387351778657 0.04707126948775057 0.04626482213438729
1 0.4109799554565702 0.6784387351778657 0.02713808463251671 0.04626482213438729
1 0.5997884187082405 0.6729644268774703 0.01890868596881962 0.026166007905138358
1 0.63728285077951 0.6710079051383399 0.018006681514476697 0.03369565217391295
1 0.5873830734966593 0.6625691699604743 0.010801781737193815 0.021363636363636255
1 0.4375389755011136 0.6711264822134387 0.02238307349665927 0.03164031620553358
9 0.4901447661469933 0.6038932806324111 0.011837416481069037 0.04555335968379438
9 0.41818485523385296 0.5507114624505929 0.015824053452115853 0.044169960474308344
9 0.5970935412026727 0.5567588932806324 0.010935412026725986 0.035711462450592986