5 0.7523385300668152 0.9495849802371542 0.1260579064587974 0.0841304347826088
11 0.6944543429844098 0.6488339920948617 0.12378619153674843 0.14500000000000002
1 0.5301559020044543 0.6624308300395257 0.05861915367483295 0.07563241106719364
1 0.6161135857461024 0.6629841897233202 0.04006681514476617 0.0745454545454546
10 0.5537193763919822 0.6207312252964426 0.07976614699331855 0.1151383399209486
1 0.41842984409799555 0.6573913043478261 0.02683741648106907 0.03482213438735179
1 0.023619153674832964 0.6757114624505929 0.04600222717149221 0.07804347826086959
1 0.07525612472160356 0.6661660079051384 0.06641425389755012 0.07430830039525696
1 0.14802895322939866 0.6662648221343873 0.06232739420935413 0.05478260869565223
1 0.21233853006681516 0.6615612648221344 0.042538975501113574 0.04314229249011866
10 0.2619933184855234 0.6378458498023716 0.06888641425389753 0.09231225296442695