12 0.8256124721603563 0.8984189723320158 0.0899777282850779 0.2031620553359683
11 0.8979955456570156 0.6035375494071146 0.19732739420935416 0.7793873517786561
1 0.741314031180401 0.695790513833992 0.08396436525612483 0.09830039525691701
11 0.6723830734966592 0.6616007905138339 0.10957683741648117 0.12871541501976283
1 0.560913140311804 0.6839328063241107 0.08975501113585749 0.10620553359683796
1 0.06759465478841871 0.6795849802371542 0.09198218262806235 0.08958498023715424
1 0.15902004454342986 0.6746442687747035 0.05300668151447662 0.052035573122529724
1 0.216815144766147 0.6659288537549407 0.0371937639198218 0.0346442687747035
1 0.41291759465478844 0.668695652173913 0.03518930957683744 0.04808300395256925
1 0.4496659242761693 0.66098814229249 0.024053452115812942 0.028715415019762793
1 0.4809576837416481 0.6722727272727274 0.039866369710467656 0.06310276679841888
10 0.5775055679287305 0.6016996047430829 0.1211581291759465 0.08403162055335965