12 0.04621380846325167 0.7588339920948617 0.034521158129175944 0.08606719367588923
12 0.13062360801781736 0.7347233201581027 0.02071269487750556 0.07735177865612645
1 0.07249443207126949 0.6728656126482214 0.14053452115812917 0.2263636363636363
1 0.166815144766147 0.677608695652174 0.04632516703786194 0.06191699604743091
1 0.2285077951002227 0.6574308300395257 0.05835189309576835 0.06112648221343864
10 0.20824053452115812 0.6111857707509881 0.111358574610245 0.08719367588932807
12 0.6334075723830734 0.8112252964426878 0.03964365256124711 0.13944664031620543
11 0.8073496659242761 0.6046047430830039 0.38530066815144765 0.6176482213438734
1 0.5395322939866369 0.6772134387351779 0.07238307349665925 0.10065217391304337
1 0.47416481069042316 0.6657312252964427 0.03741648106904234 0.054011857707509964
1 0.4125835189309577 0.660197628458498 0.03229398663697105 0.04294466403162059
1 0.2942093541202673 0.6546640316205533 0.024944320712694854 0.03187747035573121
1 0.33351893095768376 0.6469565217391304 0.021158129175946547 0.028300395256917094