1 0.8326280623608018 0.7135770750988142 0.16859688195991102 0.14177865612648224
1 0.5809576837416481 0.6888735177865613 0.11959910913140316 0.12794466403162058
1 0.7075723830734967 0.6977667984189723 0.06770601336302891 0.09434782608695653
1 0.6521158129175947 0.6849209486166008 0.041425389755011185 0.08839920948616604
1 0.4849665924276169 0.6718774703557313 0.03897550111358575 0.05440711462450588
1 0.05066815144766147 0.6766205533596839 0.09688195991091314 0.06389328063241115
1 0.11670378619153675 0.6783992094861659 0.03964365256124721 0.047687747035573116
1 0.15523385300668152 0.6752173913043479 0.02316258351893097 0.04136363636363626
1 0.2198218262806236 0.6708893280632412 0.08997772828507797 0.0880039525691699
1 0.2910913140311804 0.6661264822134387 0.027616926503340737 0.031086956521739165
1 0.41592427616926503 0.6692885375494072 0.025612472160356347 0.03741106719367579