12 0.7314031180400891 0.8578656126482214 0.04855233853006671 0.2011264822134387
11 0.856347438752784 0.5920948616600791 0.28507795100222716 0.8158102766798419
1 0.5546770601336303 0.6833399209486166 0.08440979955456565 0.1326877470355731
1 0.48262806236080175 0.669703557312253 0.03474387527839649 0.06191699604743091
1 0.41358574610244986 0.6677075098814229 0.030289532293986687 0.05005928853754949
1 0.44621380846325165 0.6572332015810277 0.023830734966592403 0.033063241106719404
1 0.10746102449888642 0.6791897233201581 0.07906458797327394 0.080889328063241
1 0.18897550111358574 0.6639525691699605 0.0394209354120267 0.03859683794466398
10 0.6278396436525612 0.6254347826086957 0.1630289532293987 0.16310276679841892
10 0.2544543429844098 0.634110671936759 0.07238307349665925 0.06982213438735185
1 0.33028953229398667 0.6582213438735178 0.03474387527839649 0.04689723320158106
1 0.2997772828507795 0.6625691699604743 0.02271714922048995 0.03187747035573121