4 0.004120267260579065 0.6843280632411067 0.00824053452115813 0.06745059288537548
1 0.023496659242761696 0.6823517786561264 0.04253897550111359 0.07140316205533596
9 0.13875278396436524 0.4979249011857707 0.034743875278396424 0.05434782608695652
1 0.07984409799554566 0.6857114624505929 0.04387527839643653 0.04254940711462445
1 0.17371937639198218 0.7274110671936759 0.19821826280623608 0.1615612648221344
12 0.2158129175946548 0.7679249011857707 0.028507795100222742 0.09634387351778656
12 0.2625835189309577 0.7461857707509881 0.024053452115812942 0.06075098814229251
1 0.30701559020044544 0.6973715415019763 0.1062360801781737 0.13308300395256922
12 0.3273942093541203 0.7282015810276681 0.015590200445434299 0.05245059288537542
1 0.366369710467706 0.6843280632411067 0.044543429844097995 0.09909090909090906
12 0.35311804008908687 0.7258300395256917 0.01581291759465484 0.047707509881422895
5 0.8312917594654788 0.8673517786561264 0.06792873051224944 0.04616600790513837
9 0.42216035634743876 0.5467588932806324 0.02026726057906464 0.04527667984189717
9 0.4968819599109131 0.6054545454545455 0.011581291759465453 0.048063241106719466
9 0.6097995545657016 0.5530830039525692 0.010244988864142589 0.04211462450592875
4 0.7606124721603563 0.6833399209486166 0.012861915367483245 0.05709486166007902
1 0.7110356347438753 0.7003162055335969 0.05661469933184846 0.06373517786561265
1 0.6775055679287305 0.6841106719367589 0.022538975501113594 0.05084980237154154
1 0.6479287305122495 0.6712450592885375 0.01836302895322941 0.032905138339920904
1 0.6112583518930957 0.6747430830039526 0.01868596881959908 0.032114624505928856
1 0.5979621380846325 0.665296442687747 0.011870824053452207 0.02294466403162058
1 0.3903897550111359 0.6838339920948616 0.01890868596881962 0.04832015810276689
1 0.41408685968819603 0.6803162055335968 0.02781737193763922 0.04128458498023713
1 0.4445991091314031 0.6761264822134387 0.028363028953229428 0.03094861660079045
1 0.5002783964365256 0.6880237154150197 0.050679287305122486 0.06646245059288537