10 0.09543429844097996 0.6080434782608696 0.18195991091314032 0.20737154150197623
11 0.23118040089086858 0.6562450592885376 0.06369710467706012 0.06666007905138344
11 0.7967706013363028 0.6667588932806324 0.4064587973273942 0.4631620553359684
12 0.7783964365256125 0.9013636363636364 0.111358574610245 0.19324110671936753
12 0.6187082405345212 0.8001581027667984 0.03697104677060139 0.1489328063241107
1 0.5271714922048998 0.6726679841897233 0.0632516703786191 0.087608695652174
1 0.590423162583519 0.6706916996047431 0.02939866369710478 0.059940711462450676
1 0.46848552338530064 0.6655335968379447 0.032739420935412 0.0575691699604743
1 0.41358574610244986 0.6649407114624506 0.032071269487750506 0.05243083003952564
11 0.3348552338530067 0.6552569169960475 0.032739420935412 0.05282608695652177
1 0.2788418708240535 0.6542687747035573 0.02538975501113587 0.038992094861660116
1 0.18875278396436526 0.6736363636363637 0.01670378619153675 0.03820158102766807