12 0.6721603563474388 0.8367193675889328 0.04587973273942099 0.1706719367588933
11 0.8416481069042315 0.562608695652174 0.31447661469933197 0.7568577075098815
1 0.5468819599109132 0.6847233201581028 0.07772828507795095 0.10778656126482206
1 0.48084632516703785 0.6665217391304348 0.03830734966592425 0.05559288537549406
1 0.036748329621380846 0.6823517786561264 0.07349665924276169 0.08721343873517785
1 0.1457683741648107 0.6677272727272727 0.059910913140311814 0.06586956521739139
1 0.276837416481069 0.6681225296442688 0.07037861915367483 0.07456521739130438
1 0.1880846325167038 0.6694861660079051 0.024721603563474377 0.04966403162055335
10 0.23685968819599107 0.634703557312253 0.0951002227171492 0.09077075098814219
1 0.41291759465478844 0.6692885375494072 0.03518930957683744 0.053221343873517686
10 0.6345211581291759 0.6197035573122529 0.1265033407572382 0.1555928853754941