12 0.6964365256124722 0.8341501976284584 0.0454342984409799 0.16948616600790511
12 0.5929844097995546 0.7754347826086957 0.025612472160356347 0.10345849802371546
11 0.7967706013363028 0.6339525691699605 0.3975501113585746 0.5003162055335968
1 0.5276169265033408 0.6744466403162055 0.05167037861915365 0.07140316205533596
1 0.45979955456570154 0.6704743083003952 0.033630289532294036 0.047687747035573116
1 0.4064587973273942 0.6692885375494072 0.035634743875278395 0.053221343873517686
1 0.2841870824053452 0.6740513833992094 0.05389755011135855 0.06270750988142296
1 0.32371937639198217 0.6613833992094862 0.028285077951002203 0.03741106719367579
1 0.15701559020044542 0.6774110671936758 0.044543429844097995 0.04966403162055335
1 0.2069042316258352 0.6677075098814229 0.03741648106904234 0.05005928853754949
1 0.2393095768374165 0.6641501976284585 0.02427616926503342 0.035039525691699644