1 0.6487750556792873 0.7050790513833992 0.17282850779510028 0.16826086956521735
1 0.7583518930957683 0.6888735177865613 0.0801781737193764 0.14375494071146247
1 0.8679287305122494 0.7179249011857707 0.1389755011135857 0.14256916996047428
1 0.9738307349665924 0.7503359683794467 0.052338530066815145 0.1599802371541503
1 0.03541202672605791 0.6740513833992094 0.06503340757238307 0.07851778656126486
1 0.4095768374164811 0.6692885375494072 0.03296213808463254 0.053221343873517686
1 0.47728285077951005 0.6712648221343874 0.03474387527839649 0.049268774703557214
1 0.5506681514476615 0.6744268774703557 0.02338530066815145 0.039782608695652165
1 0.5293986636971046 0.6734387351778656 0.014253897550111309 0.041758893280632405
1 0.5165924276169265 0.6665217391304348 0.013140311804008858 0.039782608695652165
1 0.5027839643652561 0.6655335968379447 0.012249443207126948 0.041758893280632405