1 0.04064587973273942 0.7337549407114624 0.08129175946547884 0.3323320158102766
9 0.30579064587973276 0.4206521739130435 0.030289532293986687 0.0855533596837945
9 0.44844097995545656 0.5435573122529644 0.019376391982182602 0.08632411067193671
9 0.6474387527839643 0.44254940711462454 0.01870824053452111 0.05428853754940717
1 0.8836302895322939 0.7046640316205534 0.23273942093541203 0.22276679841897237
12 0.8434298440979955 0.7562450592885376 0.0365256124721603 0.10063241106719359
5 0.4760579064587973 0.8596047430830039 0.04788418708240535 0.05835968379446635
7 0.6233853006681513 0.8904545454545454 0.13095768374164807 0.1358498023715415
7 0.5831848552338531 0.7714624505928854 0.04387527839643656 0.09549407114624515
3 0.40075723830734966 0.7264822134387352 0.2942650334075724 0.05788537549407107
1 0.2520824053452116 0.6812845849802371 0.06688195991091311 0.06792490118577076
1 0.30378619153674835 0.6747628458498024 0.04167037861915366 0.05719367588932817
1 0.3572939866369711 0.6665612648221343 0.04064587973273942 0.049881422924901206
1 0.5517483296213809 0.6610671936758893 0.03858574610244993 0.04804347826086946
4 0.7467260579064587 0.6485177865612648 0.011837416481069164 0.02750988142292482
1 0.7665367483296214 0.6610671936758893 0.041158129175946585 0.07545454545454536