1 0.7164810690423162 0.7127865612648222 0.2547884187082405 0.20345849802371552
12 0.6755011135857462 0.797588932806324 0.030289532293986687 0.10029644268774704
12 0.6042316258351893 0.7592292490118577 0.02138084632516709 0.07895256916996056
10 0.9064587973273942 0.5710869565217391 0.1870824053452116 0.47737154150197625
10 0.0576837416481069 0.611798418972332 0.11314031180400891 0.2188339920948617
1 0.1299554565701559 0.678201581027668 0.04164810690423163 0.06705533596837934
1 0.16525612472160356 0.6736561264822134 0.03875278396436527 0.054011857707509964
1 0.4136971046770601 0.6726482213438736 0.030066815144766147 0.0401778656126483
1 0.48028953229398663 0.6744466403162055 0.03407572383073499 0.05559288537549406
1 0.5240534521158129 0.6732411067193677 0.02138084632516709 0.029505928853754842
1 0.5935412026726058 0.677608695652174 0.035634743875278395 0.04610671936758901