1 0.045991091314031174 0.6815612648221344 0.06525612472160355 0.06982213438735185
1 0.10278396436525612 0.6807707509881423 0.04966592427616926 0.05243083003952564
1 0.15356347438752785 0.6675098814229249 0.053229398663697115 0.05361660079051383
1 0.2291759465478842 0.6665217391304348 0.04632516703786194 0.05559288537549406
1 0.4174832962138084 0.668102766798419 0.024276169265033357 0.04294466403162059
1 0.455902004454343 0.6625691699604743 0.01870824053452111 0.03187747035573121
1 0.48619153674832966 0.6720750988142292 0.03474387527839649 0.05084980237154154
1 0.5746102449888641 0.6948023715415019 0.09131403118040089 0.11608695652173914
1 0.6435412026726057 0.6817588932806324 0.04432071269487745 0.0662648221343873
1 0.7200445434298441 0.6900592885375494 0.08374164810690428 0.09079051383399198
1 0.8389755011135858 0.7218774703557312 0.1434298440979955 0.10304347826086954