1 0.012583518930957684 0.6819565217391305 0.02516703786191537 0.07851778656126486
1 0.048775055679287305 0.8406916996047431 0.09532293986636971 0.2734584980237154
12 0.05434298440979955 0.8815810276679842 0.05746102449888641 0.13788537549407112
2 0.23652561247216036 0.9108300395256916 0.09220489977728287 0.0540909090909091
4 0.1413140311804009 0.69401185770751 0.02427616926503342 0.08288537549407103
1 0.25133630289532294 0.7062648221343873 0.1908685968819599 0.1785375494071147
12 0.2967706013363029 0.7509288537549408 0.02338530066815145 0.07023715415019756
12 0.8673719376391982 0.7875098814229249 0.03318485523385296 0.09199604743082995
1 0.9237193763919822 0.7345454545454546 0.15256124721603564 0.23903162055335977
1 0.8216035634743875 0.6963833992094862 0.08195991091314021 0.10343873517786567
4 0.8612472160356347 0.6503162055335968 0.01870824053452111 0.031086956521739165
1 0.7405345211581291 0.6760276679841897 0.044543429844097995 0.07456521739130438
9 0.3982182628062361 0.5010869565217392 0.023608017817371988 0.06067193675889331
9 0.4942093541202673 0.5742292490118577 0.015144766146993343 0.056758893280632466
9 0.6402004454342984 0.5097826086956522 0.015367483296213758 0.046462450592885354
1 0.35083518930957686 0.6763636363636364 0.037616926503340725 0.05818181818181829
1 0.5598886414253897 0.673399209486166 0.041959910913140316 0.04970355731225292
1 0.3843986636971047 0.6750790513833992 0.03530066815144771 0.05047430830039518
1 0.4220824053452116 0.6704545454545454 0.033997772828507765 0.04122529644268778
1 0.45260579064587975 0.6610869565217391 0.01692650334075729 0.035316205533596844
1 0.4676503340757238 0.6574901185770751 0.012293986636971007 0.028142292490118594