5 0.8914253897550112 0.9062845849802371 0.09020044543429843 0.05685770750988139
2 0.05957683741648107 0.8606324110671937 0.08797327394209355 0.04063241106719357
1 0.020155902004454343 0.6823517786561264 0.040311804008908686 0.07140316205533596
1 0.15623608017817373 0.7289920948616601 0.22783964365256126 0.16472332015810282
12 0.19944320712694877 0.7732608695652173 0.029175946547884173 0.07934782608695648
12 0.255456570155902 0.7507312252964427 0.02761692650334077 0.07379446640316212
1 0.3034521158129176 0.7019169960474309 0.11692650334075724 0.1303162055335967
12 0.3248329621380846 0.7343280632411067 0.0260579064587973 0.06865612648221346
12 0.3540089086859688 0.7299802371541502 0.017594654788418658 0.05205533596837951
1 0.36403118040089083 0.6855138339920949 0.04209354120267256 0.09355731225296449
1 0.7223830734966593 0.7013241106719368 0.05946547884187092 0.061936758893280694
9 0.7700445434298441 0.6914426877470355 0.021158129175946547 0.06586956521739139
1 0.5083296213808464 0.6859683794466404 0.05365256124721598 0.06478260869565212
1 0.6848552338530067 0.6852173913043479 0.024198218262806256 0.054268774703557385
9 0.1310022271714922 0.489802371541502 0.02842984409799555 0.05088932806324116
9 0.4227728285077951 0.5410276679841897 0.016247216035634778 0.04219367588932811
9 0.49792873051224945 0.601403162055336 0.010835189309576857 0.03681818181818181
9 0.6134298440979956 0.5537944664031621 0.009988864142539007 0.04071146245059293
1 0.3909576837416481 0.6808695652173913 0.020311804008908696 0.036541501976284606
1 0.41329621380846326 0.6799604743083004 0.03113585746102454 0.0407509881422925
1 0.444521158129176 0.674407114624506 0.03096881959910907 0.0326284584980237
1 0.6146993318485523 0.6732015810276679 0.02099109131403108 0.030217391304347755
1 0.6510022271714923 0.6701976284584981 0.017427616926503443 0.024209486166007904
1 0.5998106904231626 0.6623913043478261 0.011503340757238226 0.020612648221343774
1 0.47304008908685974 0.6724505928853755 0.01861915367483299 0.01970355731225302