12 0.6079064587973274 0.7827667984189723 0.02650334075723826 0.1299407114624506
12 0.7461024498886414 0.872292490118577 0.060133630289532294 0.17859683794466405
12 0.0232739420935412 0.7590316205533597 0.03363028953229399 0.0983201581027668
11 0.034521158129175944 0.6574505928853756 0.06904231625835189 0.2508695652173912
11 0.7923162583518931 0.6182608695652173 0.4131403118040089 0.4520158102766799
1 0.5209354120267261 0.6710869565217391 0.05077951002227174 0.06863636363636368
1 0.2024498886414254 0.67899209486166 0.09086859688195993 0.08444664031620557
11 0.17082405345211582 0.6499209486166008 0.08106904231625836 0.08563241106719376
1 0.31826280623608016 0.668498023715415 0.028507795100222742 0.03583003952569169
1 0.4056792873051225 0.6641501976284585 0.031848552338530095 0.035039525691699644
1 0.45812917594654784 0.6659288537549407 0.032071269487750506 0.0504545454545454
1 0.5840757238307349 0.6764229249011857 0.02783964365256125 0.05164031620553359