3 0.8677839643652561 0.7422134387351779 0.2644320712694878 0.08310276679841888
11 0.6098552338530067 0.6422727272727273 0.0610244988864142 0.09116600790513833
1 0.4233741648106904 0.6516205533596838 0.029599109131403165 0.042134387351778754
1 0.049866369710467706 0.6717984189723321 0.08787305122494432 0.08130434782608693
1 0.1341759465478842 0.668102766798419 0.060556792873051234 0.05284584980237156
1 0.17870824053452114 0.6576877470355732 0.036815144766146994 0.05047430830039518
1 0.21878619153674833 0.6566403162055335 0.03384187082405344 0.03782608695652171
1 0.25729398663697106 0.6528260869565217 0.029242761692650325 0.03282608695652177
10 0.29069042316258353 0.6321343873517787 0.05150334075723831 0.06786561264822141
10 0.5324053452115813 0.6249011857707509 0.06442093541202674 0.0823517786561264
1 0.5594097995545657 0.6669565217391304 0.07730512249443208 0.08569169960474311