12 0.9182628062360803 0.761798418972332 0.03474387527839649 0.08013833992094853
12 0.8238307349665924 0.745197628458498 0.02939866369710478 0.06272727272727274
12 0.758574610244989 0.7282015810276681 0.021826280623607915 0.05245059288537542
1 0.9615812917594655 0.719505928853755 0.07683741648106904 0.1773715415019763
1 0.8307349665924276 0.703695652173913 0.16258351893095768 0.1299209486166008
11 0.6317371937639198 0.6453952569169961 0.20645879732739425 0.30978260869565216
11 0.0965478841870824 0.6785968379446641 0.08752783964365256 0.09156126482213447
11 0.22037861915367485 0.6693083003952569 0.1155902004454343 0.11646245059288528
11 0.40712694877505573 0.6673320158102767 0.041425389755011185 0.07298418972332006
11 0.455456570155902 0.6641501976284585 0.035634743875278395 0.05084980237154154
11 0.5114699331848552 0.6665217391304348 0.03407572383073499 0.05559288537549406