3 0.8819599109131403 0.7509881422924901 0.23608017817371937 0.09090909090909091
1 0.5556347438752783 0.6661660079051384 0.07000000000000002 0.08970355731225294
11 0.6160467706013364 0.6450988142292491 0.06591314031180406 0.1002173913043479
10 0.532327394209354 0.6252371541501976 0.06913140311804014 0.0890316205533596
1 0.03779510022271715 0.6748418972332016 0.07271714922049 0.08948616600790509
1 0.11693763919821827 0.6681422924901186 0.06777282850779508 0.05193675889328058
1 0.16814031180400893 0.6624505928853754 0.041547884187082405 0.05808300395256914
1 0.20968819599109131 0.6571739130434782 0.035612472160356366 0.047549407114624395
1 0.2520489977728285 0.6600197628458498 0.03500000000000001 0.04009881422924894
10 0.2820935412026726 0.6334584980237153 0.048106904231625856 0.0791501976284584
1 0.42338530066815144 0.6525691699604743 0.022750556792872995 0.04272727272727274