12 0.8380846325167038 0.8414624505928853 0.04365256124721609 0.16434782608695647
1 0.9114699331848553 0.7353359683794466 0.17706013363028952 0.35130434782608694
1 0.7479955456570156 0.6851185770750988 0.13429844097995536 0.11648221343873506
1 0.5775055679287305 0.6663241106719368 0.04097995545657011 0.0591501976284584
11 0.5115812917594654 0.6406521739130435 0.08374164810690428 0.14215415019762837
1 0.40824053452115816 0.670296442687747 0.06770601336302891 0.09867588932806315
1 0.45278396436525614 0.6639525691699605 0.02138084632516709 0.03859683794466398
1 0.03507795100222717 0.6829446640316206 0.07015590200445435 0.07654150197628462
1 0.08853006681514476 0.6750395256916996 0.06570155902004454 0.07654150197628462
11 0.13919821826280623 0.6406324110671937 0.062360801781737196 0.09472332015810267
1 0.266369710467706 0.6671343873517787 0.05389755011135855 0.060731225296442724