1 0.05423162583518931 0.6845256916996048 0.10400890868596882 0.07970355731225305
1 0.19821826280623608 0.6744466403162055 0.0957683741648107 0.10302371541501976
1 0.40467706013363025 0.6681225296442688 0.04097995545657011 0.07456521739130438
1 0.455456570155902 0.6635573122529644 0.026726057906458798 0.04571146245059288
1 0.5089086859688196 0.6712648221343874 0.026726057906458798 0.049268774703557214
11 0.6266146993318487 0.6392687747035574 0.18864142538975504 0.21450592885375486
1 0.8657015590200445 0.71199604743083 0.1790645879732739 0.1386166007905138
12 0.9789532293986637 0.7742490118577074 0.02917594654788424 0.07737154150197624
12 0.8639198218262806 0.7503359683794467 0.024053452115812817 0.06509881422924889
12 0.7880846325167038 0.7380830039525692 0.01714922048997783 0.04849802371541495
1 0.26080178173719376 0.6671343873517787 0.02939866369710465 0.060731225296442724
1 0.1289532293986637 0.6661462450592885 0.04187082405345211 0.06270750988142296
1 0.293652561247216 0.6649407114624506 0.0260579064587973 0.03662055335968374
6 0.5004454342984409 0.8983794466403162 0.054342984409799504 0.10428853754940708