1 0.7165924276169265 0.6878853754940711 0.12138084632516703 0.11411067193675892
11 0.5181514476614699 0.6420355731225297 0.0951002227171492 0.14887351778656135
1 0.4133630289532294 0.6687154150197628 0.06191536748329624 0.09551383399209494
1 0.5739420935412026 0.6704743083003952 0.030289532293986687 0.047687747035573116
12 0.018374164810690423 0.728399209486166 0.02783964365256125 0.06470355731225298
1 0.0200445434298441 0.6815612648221344 0.0400890868596882 0.14889328063241114
1 0.060801781737193764 0.6768181818181819 0.057015590200445436 0.07614624505928848
1 0.10144766146993318 0.6659486166007905 0.06481069042316258 0.0662648221343873
11 0.15857461024498887 0.6416205533596838 0.08775055679287307 0.09274703557312243
1 0.28663697104677055 0.660197628458498 0.03652561247216034 0.04294466403162059
12 0.9883073496659243 0.8881027667984189 0.02338530066815145 0.13116600790513835
1 0.9682628062360802 0.7954150197628459 0.06347438752783964 0.2184980237154149