3 0.857706013363029 0.7405731225296444 0.28458797327394203 0.08926877470355724
1 0.5650334075723831 0.6682411067193675 0.0751893095768374 0.08286561264822125
11 0.6042984409799554 0.6437747035573123 0.05602449888641419 0.084407114624506
10 0.5287973273942094 0.6257905138339921 0.059610244988864115 0.0835375494071146
1 0.4251670378619154 0.6520158102766799 0.025478841870824047 0.04162055335968368
1 0.01670378619153675 0.6739130434782609 0.0334075723830735 0.09486166007905138
1 0.07346325167037862 0.6700197628458497 0.08260579064587974 0.07543478260869557
1 0.15062360801781735 0.668695652173913 0.05886414253897552 0.05523715415019772
1 0.19020044543429845 0.6589328063241107 0.03413140311804006 0.046660079051383425
1 0.22798440979955456 0.6568379446640317 0.03672605790645882 0.04029644268774701
1 0.26557906458797326 0.655296442687747 0.027828507795100235 0.03284584980237155
10 0.2961804008908686 0.6324703557312252 0.050701559020044515 0.06620553359683795
8 0.6115144766146993 0.8329644268774704 0.012316258351893036 0.023715415019762844