8 0.27706013363028953 0.8183399209486165 0.021826280623608044 0.02717391304347826
1 0.9031180400890868 0.7068577075098814 0.19376391982182628 0.24693675889328073
12 0.9182628062360803 0.7857312252964427 0.05256124721603569 0.12401185770750989
12 0.8134743875278396 0.753300395256917 0.03229398663697105 0.07498023715415009
9 0.35924276169265035 0.466501976284585 0.030289532293986687 0.08241106719367593
9 0.6443207126948776 0.48250988142292495 0.01247216035634749 0.06304347826086958
9 0.4726057906458797 0.5598023715415019 0.020935412026726007 0.047648221343873545
1 0.7583518930957683 0.6728656126482214 0.07126948775055679 0.08405138339920944
1 0.5610244988864143 0.6608102766798419 0.035200445434298455 0.05079051383399218
1 0.3055345211581292 0.6787747035573122 0.05625835189309575 0.05189723320158101
1 0.35146993318485525 0.6747826086956522 0.034576837416481015 0.05075098814229239
1 0.3953340757238307 0.6644664031620554 0.034576837416481015 0.034723320158102866
1 0.42552338530066813 0.6580632411067194 0.0175501113585746 0.031067193675889383
3 0.4195879732739421 0.7150790513833992 0.2730178173719376 0.039782608695652165
1 0.5897772828507795 0.6428260869565217 0.013162583518930886 0.030375494071146255
1 0.15830734966592427 0.7237747035573123 0.23887527839643652 0.21999999999999986
1 0.028630289532293986 0.7071343873517787 0.02458797327394209 0.0920948616600791
12 0.025111358574610245 0.7310869565217392 0.01238307349665924 0.051501976284584874
12 0.2239977728285078 0.7823715415019763 0.01633630289532296 0.09302371541501986
7 0.5767483296213808 0.7978260869565217 0.037494432071269505 0.03276679841897241
5 0.4945991091314031 0.7843280632411067 0.026469933184855212 0.03276679841897241
5 0.5379844097995545 0.7921936758893281 0.0258463251670379 0.03501976284584986
7 0.5767483296213808 0.7453162055335968 0.027360801781737186 0.060415019762845946