1 0.05434298440979955 0.703695652173913 0.09398663697104678 0.11411067193675892
4 0.13296213808463253 0.659407114624506 0.014253897550111371 0.04136363636363626
1 0.6514476614699332 0.677608695652174 0.11581291759465479 0.10936758893280639
4 0.7780623608017818 0.661205533596838 0.01937639198218273 0.07258893280632414
4 0.7997772828507795 0.661205533596838 0.015144766146993217 0.08839920948616604
8 0.8357461024498887 0.8483794466403162 0.014476614699331848 0.039841897233201515
1 0.16648106904231627 0.6809683794466403 0.052338530066815145 0.0488735177865613
1 0.20412026726057908 0.6679051383399209 0.025167037861915393 0.046501976284584925
1 0.23641425389755014 0.6641501976284585 0.031848552338530095 0.05084980237154154
1 0.2687082405345212 0.659407114624506 0.020712694877505593 0.04136363636363626
1 0.2868596881959911 0.6542687747035573 0.014699331848552358 0.038992094861660116
1 0.3082405345211581 0.6509090909090909 0.012917594654788443 0.03622529644268783
1 0.33296213808463254 0.6576284584980236 0.031180400890868598 0.041758893280632405
10 0.35790645879732735 0.6317391304347827 0.03474387527839649 0.04924901185770743
1 0.45567928730512247 0.6473517786561265 0.02271714922048995 0.03701581027667988