1 0.08797327394209355 0.7367391304347827 0.17371937639198218 0.5003359683794466
12 0.07583518930957683 0.8847628458498024 0.05367483296213808 0.20745059288537554
12 0.15812917594654788 0.797588932806324 0.024498886414253896 0.1319367588932806
2 0.48841870824053457 0.8396837944664032 0.057015590200445485 0.03824110671936763
5 0.6890868596881959 0.8835573122529644 0.07082405345211572 0.039051383399209466
1 0.2314031180400891 0.6997430830039526 0.13095768374164812 0.13782608695652177
12 0.2586859688195991 0.7345256916996048 0.022939866369710495 0.06509881422924889
12 0.28775055679287304 0.7311660079051384 0.01648106904231624 0.04652173913043471
1 0.3134743875278396 0.6811660079051384 0.08797327394209355 0.12438735177865601
12 0.32962138084632514 0.7171343873517787 0.011135857461024499 0.0461264822134388
12 0.35033407572383074 0.7179249011857707 0.01247216035634749 0.031897233201581
1 0.3695991091314031 0.677806324110672 0.05768374164810686 0.08998023715415014
4 0.7196659242761693 0.6794268774703558 0.011213808463251599 0.06488142292490126
1 0.46025612472160354 0.6850790513833992 0.05859688195991092 0.06450592885375492
1 0.6716146993318486 0.6878260869565218 0.04485523385300665 0.05434782608695652
1 0.592739420935412 0.6699604743083004 0.022316258351893055 0.03229249011857714
1 0.5796547884187082 0.6627470355731225 0.011547884187082283 0.021758893280632394
1 0.6292427616926503 0.668695652173913 0.01615812917594654 0.03171936758893271
1 0.6530957683741648 0.6695652173913044 0.02649220489977724 0.03932806324110667
4 0.707750556792873 0.6749802371541502 0.008819599109131484 0.048063241106719466
9 0.1730512249443207 0.5180830039525691 0.02316258351893097 0.05515810276679841
9 0.4173273942093541 0.5553359683794467 0.017839643652561226 0.04375494071146242
1 0.41059020044543426 0.6771343873517787 0.026581291759465484 0.0426086956521738
9 0.5896436525612472 0.5578260869565217 0.0077951002227171495 0.03579051383399212