8 0.7895322939866369 0.8191304347826087 0.008908685968819599 0.02875494071146236
1 0.6651447661469932 0.6774110671936758 0.10089086859688186 0.12873517786561262
1 0.07861915367483295 0.6936166007905139 0.10334075723830737 0.10581027667984183
4 0.15334075723830734 0.6590118577075098 0.012694877505567904 0.03266798418972327
1 0.18875278396436526 0.6839328063241107 0.052338530066815145 0.04294466403162059
1 0.22394209354120267 0.6617786561264822 0.024721603563474377 0.04610671936758901
1 0.2516703786191537 0.6562450592885376 0.024498886414253896 0.035039525691699644
1 0.27873051224944323 0.66098814229249 0.018485523385300694 0.028715415019762793
1 0.2993318485523385 0.6507114624505929 0.012917594654788443 0.023952569169960483
1 0.32138084632516706 0.6487351778656126 0.01692650334075729 0.02790513833992096
1 0.3467706013363029 0.6578260869565218 0.023162583518930906 0.03820158102766807
10 0.3625835189309577 0.626600790513834 0.032516703786191585 0.04687747035573128
4 0.7738307349665924 0.6661462450592885 0.015367483296213758 0.06270750988142296
4 0.7925389755011136 0.6623715415019763 0.018485523385300566 0.06705533596837934
1 0.4619153674832962 0.6499209486166008 0.03518930957683744 0.03820158102766807