1 0.8276169265033408 0.7092292490118577 0.20534521158129185 0.20424901185770755
12 0.7832962138084633 0.7450000000000001 0.032071269487750506 0.08209486166007898
9 0.22672605790645878 0.3560079051383399 0.036971046770601326 0.11045454545454543
9 0.4136971046770601 0.5107707509881423 0.021158129175946547 0.07610671936758892
9 0.6616926503340758 0.39691699604743086 0.020489977728285178 0.06974308300395261
1 0.18195991091314032 0.6906521739130436 0.08552338530066816 0.06428853754940705
1 0.25456570155902003 0.6807707509881423 0.052561247216035625 0.05243083003952564
1 0.31169265033407567 0.6720750988142292 0.048775055679287256 0.05084980237154154
3 0.3238307349665924 0.7487549407114624 0.43697104677060133 0.0461264822134388
4 0.3424944320712695 0.6516798418972332 0.00853006681514473 0.027786561264822027
1 0.3601781737193764 0.6624308300395257 0.026592427616926498 0.036146245059288463
1 0.5384409799554566 0.6562845849802371 0.02819599109131409 0.041403162055336055
7 0.6578507795100222 0.9464426877470355 0.1099443207126949 0.10373517786561266
7 0.5979955456570156 0.7742292490118576 0.044643652561247124 0.09511857707509881
7 0.6533964365256125 0.8612648221343874 0.06641425389755022 0.10019762845849811
1 0.38238307349665923 0.6557509881422925 0.021224944320712633 0.034624505928853716
1 0.3967594654788419 0.6458102766798418 0.01988864142538977 0.035513833992094915