10 0.08858574610244989 0.6249407114624507 0.17360801781737195 0.21541501976284586
1 0.20678173719376391 0.6746245059288538 0.019977728285077948 0.04677865612648213
1 0.826837416481069 0.741106719367589 0.3463251670378619 0.3241106719367589
12 0.7688752783964365 0.8468577075098814 0.04898663697104678 0.13590909090909087
1 0.6635189309576838 0.7915612648221343 0.04280623608017824 0.0928260869565218
10 0.8252227171492205 0.5274901185770752 0.34955456570155913 0.38045454545454543
1 0.6091870824053451 0.6909683794466404 0.052360801781737173 0.057766798418972365
1 0.5792650334075723 0.686600790513834 0.025311804008908707 0.04903162055335958
1 0.5543763919821826 0.678498023715415 0.030846325167037912 0.04920948616600786
1 0.4861358574610245 0.6801383399209485 0.04600222717149227 0.05612648221343869
1 0.41553452115812917 0.6739525691699605 0.02982182628062358 0.04375494071146242
1 0.5116926503340757 0.6733201581027668 0.012093541202672621 0.03339920948616596