8 0.32115812917594655 0.7896640316205533 0.020935412026726007 0.021245059288537548
4 0.10679287305122495 0.6898616600790514 0.013140311804008922 0.06270750988142296
1 0.21414253897550112 0.6993478260869566 0.21002227171492208 0.23982213438735184
12 0.2670378619153675 0.7623913043478261 0.024053452115812942 0.08527667984189718
1 0.905902004454343 0.7250592885375494 0.18819599109131402 0.25167984189723325
12 0.839532293986637 0.7740513833992095 0.04432071269487745 0.0967391304347827
12 0.9661469933184855 0.8035177865612648 0.05478841870824058 0.151699604743083
1 0.7503340757238307 0.6740513833992094 0.04632516703786181 0.07851778656126486
3 0.5586859688195991 0.7062648221343873 0.47728285077951005 0.020415019762845932
9 0.3816481069042317 0.4819762845849802 0.021124721603563504 0.0596837944664032
9 0.6419821826280624 0.4939130434782609 0.01663697104677066 0.050177865612648254
9 0.4845100222717149 0.5638932806324111 0.015623608017817342 0.05405138339920953
1 0.3274721603563474 0.6781620553359683 0.04730512249443209 0.05152173913043488
1 0.3700779510022272 0.6721343873517787 0.032694877505567946 0.04715415019762849
1 0.4076169265033408 0.6637944664031621 0.033997772828507765 0.04330039525691693
1 0.561837416481069 0.6644268774703557 0.035734966592427586 0.052292490118577145
4 0.7878841870824054 0.6635375494071146 0.011859688195991192 0.04792490118577075
1 0.6002449888641426 0.6474703557312254 0.015623608017817342 0.02865612648221344