1 0.052338530066815145 0.7019169960474309 0.10467706013363029 0.11450592885375482
1 0.1714922048997773 0.6902569169960474 0.0779510022271715 0.07140316205533596
4 0.2242761692650334 0.6546640316205533 0.009799554565701571 0.03187747035573121
1 0.25456570155902003 0.6746442687747035 0.02761692650334077 0.052035573122529724
1 0.2788418708240535 0.6637549407114625 0.028062360801781726 0.04215415019762854
1 0.30523385300668154 0.6552569169960475 0.022048997772828458 0.03701581027667988
1 0.7076837416481069 0.6760276679841897 0.12806236080178174 0.13782608695652177
1 0.482739420935412 0.6481422924901186 0.034521158129175944 0.05440711462450588
7 0.7503340757238307 0.9300395256916997 0.1265033407572382 0.1399209486166007
3 0.4983296213808463 0.9260869565217392 0.9966592427616926 0.14782608695652166
9 0.23708240534521158 0.2933596837944664 0.05545657015590202 0.1946245059288538
9 0.8193763919821826 0.0632806324110672 0.041870824053452015 0.11391304347826087
1 0.33008908685968824 0.6551976284584979 0.02018930957683741 0.03517786561264813
1 0.3383853006681515 0.6433794466403162 0.01486636971046773 0.036561264822134384
1 0.355445434298441 0.6467193675889328 0.014554565701559075 0.032114624505928856
1 0.3942427616926503 0.6467193675889328 0.01706013363028959 0.032114624505928856