10 0.08434298440979954 0.6206719367588933 0.16723830734966594 0.20610671936758887
1 0.1729510022271715 0.6739328063241107 0.030523385300668178 0.04820158102766796
1 0.20044543429844097 0.6761264822134387 0.027628062360801783 0.039723320158102815
10 0.8464922048997773 0.4786166007905138 0.3070155902004455 0.3193280632411068
1 0.8150890868596883 0.7303162055335969 0.32522271714922046 0.29703557312252976
12 0.742750556792873 0.8242885375494071 0.04744988864142528 0.12553359683794463
12 0.6468374164810691 0.7862845849802372 0.026325167037862026 0.10086956521739124
1 0.6197772828507795 0.6902371541501976 0.0503452115812918 0.06282608695652167
1 0.5860690423162583 0.6888339920948617 0.026325167037862026 0.057430830039525586
1 0.5615478841870823 0.6799604743083004 0.02791759465478841 0.052549407114624566
1 0.4862360801781737 0.6757509881422925 0.03518930957683744 0.05891304347826076
1 0.5142873051224944 0.6728853754940712 0.01896436525612469 0.034110671936758874
1 0.4151781737193764 0.6749604743083003 0.027951002227171517 0.04521739130434782