12 0.8044543429844098 0.8875494071146246 0.0788418708240534 0.2249011857707509
11 0.8836302895322939 0.6076877470355732 0.23273942093541203 0.7363043478260868
11 0.6793986636971047 0.6586363636363636 0.09376391982182633 0.13464426877470353
1 0.7458797327394209 0.6855138339920949 0.04632516703786181 0.09355731225296449
1 0.5521158129175947 0.6831422924901186 0.08641425389755014 0.12043478260869553
1 0.4797327394209354 0.6667391304347826 0.03518930957683744 0.06784584980237163
1 0.410913140311804 0.6629644268774704 0.026726057906458798 0.05638339920948611
1 0.051224944320712694 0.677608695652174 0.09131403118040089 0.0935375494071147
1 0.15167037861915367 0.6696837944664031 0.06057906458797326 0.04610671936758901
1 0.21525612472160358 0.6625691699604743 0.029621380846325193 0.03187747035573121
10 0.5824053452115813 0.6024901185770751 0.12026726057906459 0.08561264822134397