12 0.8585746102449888 0.754090909090909 0.022271714922048998 0.06075098814229251
12 0.9657015590200446 0.7821541501976285 0.03608017817371948 0.09318181818181814
1 0.9192650334075724 0.7127865612648222 0.16146993318485522 0.1876482213438736
11 0.6014476614699332 0.6483596837944664 0.16057906458797333 0.2405928853754941
1 0.10178173719376393 0.677608695652174 0.18351893095768376 0.14098814229249018
1 0.22149220489977728 0.667312252964427 0.05100222717149222 0.057173913043478165
5 0.5337416481069043 0.9843873517786562 0.03407572383073499 0.031225296442687657
1 0.405011135857461 0.6649604743083004 0.0527839643652561 0.06824110671936753
1 0.45434298440979953 0.6641501976284585 0.028953229398663696 0.05084980237154154
1 0.27739420935412024 0.6696837944664031 0.033630289532293973 0.04610671936758901
1 0.5047884187082405 0.6692885375494072 0.020712694877505593 0.053221343873517686