12 0.7535634743875279 0.8748814229249012 0.06837416481069053 0.2272134387351779
12 0.6144766146993318 0.7778260869565217 0.047216035634743976 0.12401185770750989
11 0.8130289532293987 0.6088537549407115 0.36948775055679284 0.6517193675889328
12 0.1265033407572383 0.7276086956521739 0.023608017817371926 0.07893280632411055
12 0.06169265033407572 0.7424308300395257 0.03028953229398664 0.08090909090909079
11 0.07639198218262806 0.6619960474308301 0.14342984409799556 0.232292490118577
1 0.5210467706013363 0.6744466403162055 0.05768374164810686 0.07140316205533596
1 0.4599109131403118 0.6633596837944664 0.035634743875278395 0.049268774703557214
1 0.4091314031180401 0.6641501976284585 0.030289532293986687 0.05084980237154154
1 0.23697104677060135 0.67899209486166 0.06726057906458795 0.08444664031620557
11 0.1938752783964365 0.6479446640316205 0.05812917594654787 0.07377470355731233
1 0.3250556792873051 0.6663241106719368 0.030957683741648055 0.0433399209486165