8 0.12884187082405346 0.9250592885375494 0.03496659242761693 0.03511857707509878
1 0.08184855233853007 0.7353359683794466 0.16369710467706014 0.2880632411067193
1 0.8891982182628062 0.7042885375494071 0.22160356347438753 0.21413043478260874
12 0.859576837416481 0.7708893280632411 0.030957683741648055 0.10622529644268774
12 0.7837416481069042 0.7554743083003952 0.024053452115812817 0.08328063241106717
1 0.7714922048997772 0.6645652173913044 0.04855233853006671 0.09116600790513833
1 0.26692650334075724 0.6829446640316206 0.0616926503340757 0.060731225296442724
1 0.3181514476614699 0.6724703557312253 0.0394209354120267 0.05954545454545453
1 0.3685968819599109 0.668102766798419 0.0400890868596882 0.04294466403162059
9 0.45501113585746106 0.5459683794466403 0.01692650334075729 0.09112648221343876
9 0.3212694877505568 0.4382411067193676 0.02783964365256125 0.08517786561264827
9 0.6456570155902004 0.45543478260869563 0.015144766146993217 0.06027667984189723
9 0.5561247216035634 0.6641699604743083 0.032071269487750506 0.06666007905138344
7 0.6093541202672607 0.8667588932806324 0.07171492204899788 0.0884584980237154
5 0.5596881959910913 0.7920355731225296 0.02138084632516709 0.04179841897233197
7 0.5545657015590201 0.854703557312253 0.060133630289532294 0.06830039525691689
6 0.5818485523385301 0.7584387351778655 0.03229398663697105 0.09318181818181814
7 0.46648106904231623 0.8402766798418972 0.07772828507795095 0.05920948616600798
3 0.4957683741648107 0.7167391304347827 0.5385300668151448 0.053241106719367694