3 0.18541202672605792 0.737509881422925 0.03229398663697105 0.24891304347826096
1 0.6856347438752785 0.854703557312253 0.052783964365256224 0.03667984189723309
2 0.42628062360801783 0.9392885375494071 0.8369710467706014 0.09454545454545461
4 0.444988864142539 0.8718972332015811 0.5536748329621382 0.05920948616600798
0 0.5097995545657016 0.7608300395256917 0.19777282850779512 0.2244268774703556
0 0.14565701559020044 0.720098814229249 0.25790645879732743 0.16669960474308304
0 0.27873051224944323 0.7123913043478262 0.1253897550111359 0.11569169960474301
5 0.2889755011135857 0.7479644268774704 0.02338530066815145 0.06035573122529637
0 0.3465478841870824 0.6882806324110672 0.07171492204899775 0.07535573122529643
5 0.35467706013363026 0.7187154150197629 0.02338530066815145 0.033478260869565325
0 0.800890868596882 0.7129841897233201 0.15189309576837426 0.13664031620553357
0 0.9710467706013363 0.7922529644268774 0.05790645879732739 0.1489328063241107
0 0.9071269487750557 0.670296442687747 0.07483296213808469 0.06705533596837934
0 0.39510022271714923 0.6944071146245059 0.026280623608017844 0.04413043478260878