1 0.7543429844097995 0.8914624505928853 0.0810690423162583 0.05486166007905136
0 0.6044543429844097 0.7582608695652174 0.16881959910913136 0.20741106719367597
5 0.6573496659242761 0.8365217391304347 0.018485523385300566 0.07936758893280627
0 0.10077951002227171 0.7657707509881423 0.20155902004454343 0.3094071146245058
0 0.2692650334075724 0.7123913043478262 0.17104677060133633 0.1315019762845849
5 0.3028953229398664 0.7473715415019763 0.028953229398663696 0.05521739130434793
5 0.19198218262806235 0.7325494071146246 0.02093541202672607 0.0374308300395258
0 0.4797327394209354 0.6981620553359683 0.06191536748329624 0.08723320158102764
5 0.36325167037861916 0.7250395256916996 0.02939866369710465 0.061936758893280694
0 0.3629175946547884 0.6942094861660079 0.07104677060133625 0.09513833992094858
0 0.40924276169265034 0.6987549407114625 0.04788418708240535 0.060731225296442724
0 0.438195991091314 0.6934189723320158 0.01670378619153675 0.04610671936758901