0 0.06291759465478843 0.7946245059288537 0.12583518930957685 0.2801778656126482
1 0.8260579064587973 0.9474110671936758 0.10868596881959901 0.06001976284584981
0 0.6422048997772829 0.7649802371541502 0.18418708240534526 0.24458498023715414
0 0.4942093541202673 0.6953952569169961 0.05077951002227174 0.07379446640316212
0 0.24832962138084633 0.7131818181818181 0.16481069042316257 0.13308300395256922
5 0.28084632516703784 0.7556719367588933 0.033853006681514454 0.04810276679841904
5 0.15556792873051223 0.7519169960474309 0.02605790645879732 0.05245059288537542
0 0.3413140311804009 0.7005335968379447 0.10356347438752785 0.09197628458498017
5 0.3498886414253897 0.7266205533596838 0.020489977728285053 0.04928853754940722
0 0.4056792873051225 0.6989525691699605 0.04075723830734969 0.057173913043478165
3 0.456347438752784 0.6835375494071146 0.010690423162583545 0.05005928853754949