1 0.7698218262806236 0.939505928853755 0.09643652561247205 0.06001976284584981
0 0.8830734966592427 0.7329249011857708 0.23385300668151449 0.14363636363636376
0 0.7136971046770602 0.6971541501976284 0.09109131403118036 0.08474308300395256
4 0.3874164810690423 0.7835375494071147 0.14677060133630285 0.020830039525691627
2 0.46926503340757236 0.8355138339920948 0.5621380846325167 0.07679841897233204
5 0.5418708240534521 0.8070750988142292 0.030289532293986687 0.05602766798418977
5 0.46481069042316253 0.7681225296442689 0.01870824053452111 0.04533596837944675
0 0.5583518930957684 0.7481422924901185 0.2057906458797327 0.14875494071146242
0 0.48051224944320714 0.6702766798418973 0.021158129175946547 0.03543478260869555
0 0.2252783964365256 0.7062450592885375 0.20556792873051227 0.12189723320158093
5 0.1599109131403118 0.7471739130434782 0.028062360801781726 0.05877470355731227
5 0.29922048997772827 0.7450000000000001 0.014922048997772804 0.03466403162055329
0 0.3409799554565701 0.7240513833992095 0.020489977728285053 0.03229249011857714
0 0.3621380846325167 0.712193675889328 0.04053452115812915 0.05600790513833998
0 0.3888641425389755 0.695790513833992 0.03162583518930955 0.035039525691699644
0 0.41180400890868596 0.6936166007905139 0.019599109131403142 0.026739130434782554