1 0.7223830734966593 0.8661660079051383 0.05946547884187092 0.03588932806324104
0 0.5902004454342984 0.7475889328063241 0.15812917594654788 0.19397233201581024
5 0.6353006681514477 0.8199209486166008 0.014476614699331848 0.07776679841897238
5 0.6640311804008908 0.7827470355731225 0.014031180400890767 0.050889328063241104
0 0.12383073496659243 0.7572727272727273 0.22316258351893095 0.2568379446640317
5 0.08997772828507795 0.8497628458498024 0.05746102449888641 0.10980237154150187
5 0.3149220489977728 0.7483596837944664 0.026280623608017844 0.053241106719367694
0 0.28518930957683747 0.7100197628458498 0.1427616926503341 0.11094861660079049
0 0.37037861915367487 0.7044861660079051 0.06146993318485528 0.08407114624505922
5 0.3679287305122494 0.7250395256916996 0.019153674832962188 0.0461264822134388
0 0.46603563474387527 0.7127865612648222 0.06792873051224944 0.09276679841897222
0 0.4139198218262806 0.695790513833992 0.0260579064587973 0.06666007905138344