4 0.47939866369710465 0.8193280632411067 0.4420935412026726 0.04100790513833992
3 0.3420935412026726 0.7187154150197629 0.027171492204899752 0.1283399209486165
2 0.410913140311804 0.9086561264822134 0.8195991091314031 0.12816205533596842
5 0.23685968819599107 0.7552766798418973 0.032739420935412 0.05521739130434793
0 0.19376391982182628 0.7214624505928854 0.2516703786191537 0.1428458498023715
0 0.3295100222717149 0.7145454545454546 0.06703786191536754 0.06575098814229245
5 0.3694877505567929 0.710810276679842 0.015144766146993343 0.03345849802371532
0 0.3712694877505568 0.6979446640316206 0.04365256124721609 0.05152173913043488
0 0.4044543429844098 0.6981422924901186 0.026280623608017844 0.023458498023715423
0 0.47238307349665926 0.6651383399209486 0.016035634743875253 0.033063241106719404
5 0.4989977728285078 0.8349407114624506 0.01804008908685974 0.09201581027667974
0 0.5448775055679287 0.7550592885375494 0.2020044543429844 0.19422924901185765
1 0.6591314031180401 0.8183201581027668 0.022494432071269537 0.020256916996047432
0 0.9181514476614699 0.7412252964426878 0.16369710467706014 0.15073122529644264
0 0.7522271714922049 0.7048616600790514 0.12806236080178174 0.09699604743083012
0 0.8565701559020045 0.6716798418972332 0.07616926503340768 0.057964426877470436