1 0.724498886414254 0.8914624505928853 0.07483296213808469 0.039051383399209466
4 0.47817371937639197 0.9076679841897233 0.7314031180400891 0.04776679841897225
5 0.1200445434298441 0.7993675889328063 0.050779510022271705 0.08409090909090901
0 0.1252783964365256 0.7352964426877471 0.2505567928730512 0.1705138339920948
5 0.26581291759465475 0.7550790513833991 0.028285077951002203 0.05877470355731227
0 0.2532293986636971 0.7113833992094861 0.155011135857461 0.13533596837944667
5 0.3493318485523385 0.7202964426877471 0.021603563474387504 0.03664031620553353
0 0.3270601336302895 0.6971541501976284 0.10311804008908688 0.08474308300395256
0 0.3917594654788419 0.6965810276679842 0.024053452115812942 0.05243083003952564
1 0.6087973273942094 0.7756324110671937 0.028285077951002328 0.020830039525691627
1 0.8424276169265034 0.7262055335968379 0.19710467706013363 0.11752964426877476
1 0.9532293986636972 0.6861067193675889 0.0935412026726058 0.09869565217391292
5 0.42739420935412026 0.8416600790513834 0.015144766146993343 0.08173913043478263
0 0.494097995545657 0.7700790513833993 0.18775055679287309 0.22743083003952577
0 0.5683741648106904 0.6983596837944664 0.05478841870824058 0.06786561264822141