3 0.7906458797327395 0.71199604743083 0.042316258351893093 0.18606719367588928
0 0.850445434298441 0.6938142292490118 0.07951002227171503 0.08644268774703559
0 0.741314031180401 0.6831422924901186 0.06614699331848563 0.07298418972332006
0 0.6523385300668151 0.6981620553359683 0.13541202672605782 0.07142292490118575
1 0.5932071269487751 0.7754347826086957 0.03273942093541213 0.02438735177865619
0 0.49810690423162585 0.6989525691699605 0.05189309576837419 0.08881422924901174
0 0.46926503340757236 0.6754347826086956 0.01870824053452111 0.05361660079051383
1 0.5484409799554566 0.7351185770750989 0.01893095768374165 0.022806324110671863
2 0.46336302895322945 0.7222727272727273 0.1694877505567929 0.014762845849802425
4 0.45334075723830736 0.888498023715415 0.6122494432071269 0.029169960474308282
2 0.45133630289532295 0.8056719367588933 0.48396436525612474 0.04557312252964416