1 0.7763919821826281 0.9106324110671936 0.08507795100222727 0.057648221343873436
0 0.6099109131403119 0.7584584980237153 0.18641425389755015 0.20385375494071142
0 0.4860801781737194 0.7025098814229249 0.06347438752783964 0.08802371541501969
0 0.0888641425389755 0.7752569169960474 0.17193763919821828 0.26513833992094854
0 0.2556792873051225 0.71199604743083 0.1839643652561247 0.12280632411067191
5 0.29487750556792874 0.7501383399209486 0.03073496659242764 0.05284584980237156
5 0.18440979955456568 0.753300395256917 0.023608017817371926 0.059169960474308406
0 0.3690423162583519 0.7040909090909091 0.0587973273942093 0.09118577075098812
5 0.3591314031180401 0.728596837944664 0.021158129175946547 0.04533596837944675
5 0.4122494432071269 0.6991501976284584 0.03830734966592425 0.05361660079051383
5 0.4396436525612472 0.6902569169960474 0.017371937639198243 0.039782608695652165