1 0.6591314031180401 0.8207114624505928 0.048775055679287256 0.031916996047430785
0 0.7734966592427617 0.7208695652173913 0.15501113585746107 0.10053359683794467
0 0.9010022271714923 0.7141699604743084 0.15835189309576841 0.1152964426877471
0 0.9615812917594655 0.6752371541501977 0.07683741648106904 0.08879446640316195
0 0.6802895322939866 0.6835375494071146 0.06881959910913135 0.05005928853754949
0 0.5697104677060134 0.7289723320158104 0.17951002227171498 0.1199011857707509
5 0.5777282850779509 0.7746442687747036 0.026280623608017778 0.05444664031620544
5 0.49510022271714926 0.7497430830039525 0.01692650334075729 0.04415019762845856
4 0.4247216035634744 0.7552766798418973 0.1167037861915367 0.02359683794466414
2 0.4296213808463252 0.7839328063241107 0.2601336302895323 0.03371541501976274
0 0.48452115812917596 0.6653359683794466 0.02026726057906464 0.029505928853754842
0 0.5001113585746103 0.6908498023715415 0.033630289532294036 0.060731225296442724