0 0.11280623608017817 0.7353359683794466 0.22561247216035635 0.22480237154150198
5 0.08552338530066815 0.8207114624505928 0.06636971046770601 0.09517786561264815
0 0.2569042316258352 0.7127865612648222 0.12628062360801778 0.1401976284584979
5 0.2548997772828508 0.7661462450592885 0.033630289532293973 0.06511857707509891
0 0.3285077951002227 0.6963833992094862 0.0935412026726058 0.08762845849802378
5 0.34476614699331853 0.7222727272727273 0.023608017817371988 0.04849802371541495
1 0.6178173719376392 0.7823517786561265 0.026280623608017716 0.026363636363636426
1 0.7532293986636971 0.9193280632411067 0.08329621380846321 0.05922924901185776
0 0.4746102449888641 0.7701185770750988 0.18084632516703783 0.2153359683794467
0 0.5566815144766146 0.7082411067193676 0.09331848552338524 0.11134387351778663
0 0.8675946547884187 0.719308300395257 0.19844097995545662 0.14928853754940705
0 0.9793986636971047 0.6987549407114625 0.04120267260579064 0.139802371541502