3 0.3183741648106904 0.7228656126482214 0.02650334075723826 0.18013833992094858
5 0.22783964365256124 0.7590316205533597 0.034743875278396424 0.050869565217391326
1 0.6591314031180401 0.821501976284585 0.031403118040089134 0.03349802371541511
0 0.9304008908685969 0.751304347826087 0.13919821826280623 0.1582411067193677
0 0.762249443207127 0.701106719367589 0.11692650334075724 0.0926482213438735
5 0.4896436525612472 0.8264426877470356 0.017149220489977704 0.0868774703557313
0 0.534075723830735 0.7574308300395257 0.20623608017817377 0.20529644268774702
4 0.48407572383073494 0.8230830039525692 0.46481069042316253 0.03666007905138331
0 0.16848552338530068 0.7186956521739131 0.28663697104677055 0.12466403162055344
0 0.33563474387527836 0.7165415019762845 0.0365256124721603 0.07260869565217393
0 0.372271714922049 0.6969762845849803 0.02739420935412029 0.04531620553359674
0 0.4007795100222717 0.6898616600790514 0.022048997772828458 0.031086956521739165
2 0.43797327394209357 0.9179446640316206 0.8581291759465479 0.12144268774703566