3 0.3293986636971047 0.7218774703557312 0.024053452115812942 0.13466403162055332
2 0.4034521158129176 0.9262450592885375 0.8024498886414254 0.12855731225296435
4 0.4880846325167038 0.8254545454545454 0.4728285077951003 0.041403162055336055
1 0.6586859688195991 0.8181422924901186 0.03229398663697105 0.030731225296442597
0 0.5349665924276169 0.7560869565217391 0.20801781737193759 0.19911067193675888
0 0.9276169265033407 0.7443873517786562 0.1447661469933185 0.1602371541501977
0 0.751781737193764 0.7021146245059288 0.10935412026726063 0.11094861660079049
0 0.1920935412026726 0.7181225296442688 0.24164810690423164 0.15482213438735185
5 0.2314031180400891 0.7663438735177865 0.03296213808463254 0.06154150197628456
0 0.3502227171492205 0.7202964426877471 0.021158129175946547 0.05245059288537542
5 0.36870824053452117 0.7094268774703558 0.01135857461024504 0.04254940711462445
0 0.3700445434298441 0.6922332015810276 0.04075723830734969 0.05164031620553359