3 0.27015590200445433 0.7104150197628459 0.021380846325167024 0.18290513833992086
1 0.6655902004454344 0.8339525691699605 0.04832962138084643 0.030731225296442597
0 0.9510022271714922 0.7625691699604743 0.09799554565701558 0.17128458498023708
0 0.7748329621380846 0.709209486166008 0.130957683741648 0.11201581027667974
5 0.20879732739420936 0.7671343873517786 0.03897550111358575 0.07895256916996056
0 0.14866369710467706 0.7135573122529645 0.2973273942093541 0.1586561264822134
5 0.3034521158129176 0.7416403162055336 0.01670378619153675 0.047707509881422895
0 0.32438752783964364 0.7112055335968379 0.05189309576837419 0.08960474308300402
5 0.3626948775055679 0.7127865612648222 0.012694877505567904 0.029505928853754842
0 0.35946547884187086 0.6971541501976284 0.05389755011135855 0.06893280632411067
0 0.39933184855233855 0.6936166007905139 0.02138084632516709 0.04254940711462445
5 0.470935412026726 0.8292094861660079 0.015367483296213758 0.08450592885375492
0 0.522271714922049 0.7651383399209487 0.19599109131403117 0.2175494071146246
4 0.4719376391982183 0.8396837944664032 0.4962138084632517 0.03824110671936763
2 0.4430957683741648 0.9258498023715416 0.8817371937639198 0.10561264822134399