1 0.7733853006681515 0.9321739130434783 0.08574610244988864 0.04934782608695658
5 0.06714922048997772 0.8224901185770751 0.05723830734966593 0.11059288537549414
0 0.10968819599109131 0.7433992094861661 0.21937639198218262 0.18988142292490126
5 0.24365256124721604 0.7637747035573124 0.03518930957683744 0.06035573122529637
0 0.2643652561247216 0.7309486166007906 0.11492204899777282 0.10804347826086949
5 0.34376391982182625 0.7202964426877471 0.014922048997772804 0.03664031620553353
0 0.3253897550111358 0.7005138339920948 0.09977728285077954 0.08197628458498027
0 0.4714922048997773 0.776798418972332 0.17282850779510028 0.2218774703557312
0 0.5583518930957684 0.7096245059288537 0.0899777282850779 0.11806324110671938
5 0.5702672605790646 0.7627865612648221 0.00868596881959906 0.04652173913043471
1 0.6270601336302896 0.7853162055335968 0.02917594654788424 0.020434782608695714
0 0.8714922048997773 0.7238339920948617 0.19955456570155908 0.13810276679841896