3 0.1265033407572383 0.7440316205533597 0.050334075723830723 0.24221343873517776
4 0.472271714922049 0.8794071146245059 0.5971046770601337 0.050513833992094755
1 0.6957683741648106 0.8626086956521739 0.057461024498886314 0.03667984189723309
0 0.9771714922048997 0.7985573122529644 0.045657015590200446 0.10723320158102766
0 0.7992204899777283 0.7139525691699604 0.14632516703786203 0.11833992094861659
2 0.42761692650334077 0.9299999999999999 0.8396436525612472 0.06964426877470357
5 0.1712694877505568 0.7827470355731225 0.024944320712694854 0.06669960474308301
0 0.133630289532294 0.7461660079051383 0.267260579064588 0.12899209486166005
5 0.28129175946547885 0.7493478260869566 0.025835189309576824 0.05126482213438746
0 0.27182628062360803 0.7139525691699604 0.13340757238307352 0.1025296442687747
5 0.3540089086859688 0.7153557312252965 0.017594654788418658 0.03069169960474303
0 0.3420935412026726 0.6997233201581028 0.07973273942093544 0.06772727272727269
0 0.39532293986636974 0.701304347826087 0.031180400890868598 0.04875494071146237
5 0.41436525612472164 0.779189723320158 0.00913140311804014 0.06749011857707506
5 0.4471046770601336 0.8424505928853755 0.01670378619153675 0.09913043478260863
0 0.516369710467706 0.7756126482213438 0.18775055679287309 0.23217391304347829