0 0.11737193763919822 0.7408695652173913 0.22360801781737194 0.23586956521739136
5 0.09198218262806235 0.8062845849802371 0.05701559020044543 0.10187747035573114
5 0.2546770601336303 0.7558695652173913 0.032739420935412 0.06035573122529637
0 0.2398663697104677 0.7100197628458498 0.15679287305122497 0.15837944664031617
0 0.3255011135857461 0.6936166007905139 0.10311804008908688 0.08999999999999993
5 0.3464365256124722 0.7224703557312253 0.02026726057906464 0.044940711462450614
1 0.7481069042316257 0.9108300395256916 0.07750556792873041 0.0540909090909091
1 0.8636971046770602 0.7307707509881423 0.19732739420935416 0.1643280632411067
1 0.6169265033407573 0.7833399209486166 0.0334075723830735 0.02438735177865619
0 0.4828507795100223 0.7742687747035573 0.16614699331848556 0.2196837944664031
0 0.5619153674832963 0.7098221343873518 0.07037861915367488 0.11450592885375482