1 0.6756124721603564 0.8238735177865613 0.046102449888641525 0.03824110671936763
0 0.5712694877505567 0.7455731225296442 0.14253897550111358 0.16577075098814228
5 0.605011135857461 0.7920355731225296 0.016258351893095668 0.07341897233201576
0 0.9437639198218263 0.7370750988142292 0.11247216035634744 0.15509881422924904
0 0.04064587973273942 0.8475691699604743 0.08129175946547884 0.1673122529644268
5 0.16648106904231627 0.8080632411067193 0.043429844097995544 0.08567193675889333
0 0.1616926503340757 0.7325296442687748 0.24454342984409802 0.19976284584980245
5 0.3285077951002227 0.7374901185770751 0.022271714922048998 0.04335968379446651
0 0.29922048997772827 0.7044664031620553 0.13652561247216038 0.08988142292490123
0 0.41937639198218263 0.7455731225296442 0.11492204899777288 0.16577075098814228
0 0.47951002227171496 0.6771936758893281 0.02138084632516709 0.03741106719367579