4 0.482739420935412 0.8137747035573122 0.4443207126948775 0.02994071146245055
3 0.3569042316258352 0.7060671936758893 0.02783964365256125 0.13466403162055332
0 0.9164810690423163 0.7451778656126482 0.16703786191536749 0.1586363636363636
0 0.7446547884187082 0.6989328063241107 0.10400890868596892 0.10094861660079059
5 0.23797327394209353 0.7536956521739131 0.0394209354120267 0.05205533596837951
0 0.18296213808463252 0.7175098814229249 0.27104677060133625 0.13494071146245054
0 0.2924276169265034 0.7044664031620553 0.11224944320712693 0.10569169960474312
0 0.3783964365256125 0.7084189723320158 0.02939866369710465 0.034525691699604795
0 0.4012249443207127 0.6944071146245059 0.022939866369710495 0.02832015810276688
0 0.47293986636971047 0.6726482213438736 0.023830734966592403 0.0401778656126483
5 0.5040089086859688 0.8292094861660079 0.01692650334075729 0.08450592885375492
5 0.4459910913140312 0.7748418972332015 0.01670378619153675 0.06669960474308301
0 0.5472160356347439 0.7611857707509881 0.2102449888641425 0.19383399209486174
2 0.4243875278396437 0.9082608695652173 0.7997772828507795 0.12104743083003952