3 0.30579064587973276 0.7096245059288537 0.039198218262806284 0.16549407114624506
1 0.6575723830734966 0.8236758893280632 0.04120267260579064 0.025988142292490073
4 0.47371937639198214 0.8300000000000001 0.45523385300668145 0.038636363636363545
2 0.4338530066815145 0.9165612648221343 0.8610244988864143 0.11235177865612653
0 0.1603563474387528 0.7141699604743084 0.26948775055679286 0.1627272727272728
0 0.3357461024498886 0.7218774703557312 0.034521158129175944 0.07142292490118575
0 0.36002227171492207 0.6924308300395257 0.06080178173719379 0.07972332015810282
5 0.36670378619153676 0.7147628458498024 0.014922048997772804 0.04138339920948628
0 0.40100222717149225 0.6936166007905139 0.01804008908685974 0.04254940711462445
0 0.7663697104677061 0.6997430830039526 0.12293986636971056 0.10620553359683796
0 0.5403118040089087 0.7606324110671937 0.19198218262806233 0.2121739130434783
0 0.9326280623608018 0.7445849802371541 0.13474387527839643 0.17960474308300395
5 0.8854120267260579 0.7983794466403162 0.03318485523385296 0.08606719367588923
5 0.48195991091314033 0.8343478260869566 0.021826280623608044 0.0868774703557313
5 0.2224944320712695 0.7576482213438736 0.03296213808463254 0.05996047430830046