3 0.8879732739420935 0.7369169960474308 0.0632516703786191 0.2754150197628459
0 0.9755011135857461 0.7313438735177865 0.04899777282850779 0.0835375494071146
0 0.8906458797327393 0.7021146245059288 0.130957683741648 0.11094861660079049
0 0.7810690423162583 0.6853162055335968 0.0721603563474387 0.08128458498023715
0 0.6799554565701559 0.702905138339921 0.15501113585746107 0.0967193675889327
2 0.41447661469933184 0.8570553359683795 0.6574610244988864 0.10088932806324101
1 0.6247216035634744 0.8003359683794466 0.035634743875278395 0.018873517786561177
1 0.566369710467706 0.744604743083004 0.025835189309576886 0.02596837944664029
0 0.5003340757238307 0.6989525691699605 0.0652561247216036 0.08881422924901174
4 0.47238307349665926 0.7177272727272728 0.15857461024498884 0.019624505928853658
2 0.4775055679287305 0.7258300395256917 0.17327394209354122 0.015553359683794475