1 0.6746102449888641 0.8365217391304347 0.04632516703786181 0.031916996047430785
4 0.42394209354120266 0.761403162055336 0.1307349665924276 0.02399209486166005
2 0.43942093541202676 0.7914426877470356 0.2975501113585747 0.026600790513834065
0 0.5651447661469933 0.7287747035573122 0.19042316258351893 0.11634387351778656
5 0.5638084632516704 0.7734584980237155 0.02739420935412029 0.04415019762845856
5 0.4851893095768374 0.7471739130434782 0.017149220489977704 0.042964426877470374
0 0.7966592427616926 0.7143478260869565 0.1657015590200445 0.1096442687747036
0 0.9404231625835189 0.7171343873517787 0.11915367483296214 0.1251778656126483
0 0.4853006681514477 0.6758300395256918 0.015144766146993343 0.046501976284584925
0 0.5047884187082405 0.6853162055335968 0.029621380846325193 0.04966403162055335
0 0.6919821826280623 0.6882806324110672 0.054342984409799504 0.07535573122529643