1 0.68184855233853 0.84699604743083 0.058574610244988765 0.033122529644268754
0 0.8033407572383073 0.7240316205533597 0.1701559020044543 0.11001976284584972
0 0.9415367483296214 0.7224703557312253 0.11692650334075724 0.1239920948616601
4 0.41547884187082407 0.7639723320158103 0.12271714922049003 0.02517786561264824
2 0.41492204899777285 0.7957905138339921 0.28418708240534524 0.04162055335968368
0 0.5610244988864143 0.7347035573122529 0.18440979955456574 0.128201581027668
5 0.5629175946547884 0.7787944664031621 0.034521158129175944 0.058794466403162056
5 0.48452115812917596 0.7574505928853754 0.02026726057906464 0.047707509881422895
0 0.48195991091314033 0.6742292490118578 0.012917594654788443 0.0433399209486165
0 0.5056792873051226 0.6768181818181819 0.031403118040089134 0.044525691699604686
0 0.6894209354120268 0.6950000000000001 0.055902004454343034 0.08090909090909079