0 0.04732739420935412 0.8211067193675889 0.09465478841870824 0.26199604743082994
1 0.8551224944320712 0.9695652173913044 0.12004454342984405 0.06086956521739122
0 0.2344097995545657 0.7155533596837944 0.20155902004454343 0.13782608695652177
5 0.14766146993318485 0.7576482213438736 0.03652561247216037 0.07577075098814236
5 0.2739420935412027 0.7610079051383399 0.0334075723830735 0.06272727272727274
5 0.34688195991091314 0.7319565217391304 0.021158129175946547 0.04810276679841904
0 0.3477728285077951 0.6987549407114625 0.08530066815144768 0.1081818181818182
0 0.39532293986636974 0.6936166007905139 0.05790645879732739 0.07416996047430825
0 0.42728285077951 0.6855138339920949 0.0349665924276169 0.06191699604743091
3 0.4562360801781737 0.6851185770750988 0.012694877505567904 0.053221343873517686
0 0.6688195991091315 0.7732806324110671 0.20400890868596888 0.22166007905138332
5 0.7329621380846326 0.8724901185770751 0.02939866369710478 0.0959683794466402
5 0.7708240534521159 0.8072727272727274 0.016035634743875378 0.08409090909090901
0 0.501781737193764 0.6969762845849803 0.048106904231625884 0.07695652173913031