1 0.850890868596882 0.9695454545454545 0.11603563474387533 0.05687747035573117
0 0.04287305122494432 0.8252569169960474 0.08574610244988864 0.2505335968379446
0 0.2291759465478842 0.7159486166007905 0.19777282850779512 0.13071146245059287
5 0.27182628062360803 0.7586363636363637 0.035857461024498875 0.05798418972332022
5 0.14632516703786191 0.7536956521739131 0.030289532293986624 0.05205533596837951
5 0.34855233853006684 0.7315612648221345 0.017817371937639197 0.03940711462450604
0 0.34799554565701557 0.6995454545454546 0.08129175946547884 0.0939525691699604
0 0.40200445434298443 0.6961857707509881 0.044543429844097995 0.07537549407114622
3 0.455902004454343 0.6829446640316206 0.01870824053452111 0.060731225296442724
0 0.43229398663697105 0.6886758893280633 0.024944320712694854 0.05243083003952564
0 0.6791759465478842 0.7716996047430831 0.21358574610244985 0.2501185770750987
5 0.7387527839643653 0.8701185770750988 0.023162583518930906 0.10703557312252958
5 0.7829621380846326 0.8039130434782609 0.02026726057906464 0.09713438735177861
0 0.5026726057906459 0.695790513833992 0.0587973273942093 0.08249011857707511