1 0.7855233853006681 0.9513636363636363 0.1077951002227171 0.06792490118577076
4 0.3861915367483296 0.7902569169960474 0.15100222717149223 0.02638339920948621
2 0.465924276169265 0.8404545454545455 0.5688195991091314 0.07084980237154155
0 0.8864142538975501 0.7352964426877471 0.22717149220489977 0.13887351778656123
0 0.7164810690423162 0.6995256916996047 0.0944320712694877 0.08000000000000003
0 0.5574610244988865 0.7534782608695652 0.20400890868596888 0.1657509881422925
5 0.5396436525612472 0.8068774703557312 0.025835189309576886 0.059584980237154105
5 0.4643652561247216 0.7673320158102767 0.017817371937639197 0.05956521739130432
0 0.48251670378619155 0.6712648221343874 0.020712694877505593 0.03345849802371532
0 0.33797327394209353 0.7258300395256917 0.021158129175946547 0.047707509881422895
0 0.362249443207127 0.7106126482213438 0.038530066815144794 0.05284584980237156
0 0.3876391982182628 0.6979644268774704 0.026948775055679337 0.0433399209486165
0 0.4101336302895323 0.6932213438735177 0.022939866369710495 0.03385375494071145
5 0.2975501113585746 0.7442094861660079 0.01826280623608015 0.048893280632411086
0 0.22115812917594654 0.7147430830039526 0.2173719376391982 0.10094861660079059
5 0.14766146993318485 0.744802371541502 0.034743875278396424 0.05403162055335975