1 0.678173719376392 0.8420553359683794 0.053452115812917596 0.043003952569169945
0 0.7981069042316259 0.7210671936758893 0.15746102449888652 0.10409090909090901
0 0.9409799554565702 0.7204940711462451 0.11804008908685969 0.12794466403162058
0 0.970489977728285 0.6489328063241107 0.05902004454342984 0.055988142292490196
0 0.5636971046770601 0.7321343873517786 0.17193763919821825 0.11357707509881429
5 0.5644766146993319 0.7805731225296443 0.024276169265033357 0.05839920948616592
5 0.48507795100222717 0.7519169960474309 0.019153674832962188 0.05245059288537542
0 0.48106904231625836 0.6724505928853755 0.0200445434298441 0.04373517786561264
0 0.5026726057906459 0.677608695652174 0.04097995545657011 0.04610671936758901
4 0.4140311804008909 0.7625889328063241 0.13095768374164812 0.018458498023715478
2 0.4605790645879733 0.7957905138339921 0.3532293986636972 0.04162055335968368