2 0.439977728285078 0.8080434782608695 0.5013363028953229 0.05664031620553353
3 0.8066815144766146 0.7155533596837944 0.047661469933184805 0.20108695652173914
0 0.9064587973273942 0.7094268774703558 0.0334075723830735 0.058379446640316135
0 0.8448775055679287 0.6955928853754941 0.13518930957683753 0.08604743083003945
0 0.7423162583518931 0.6758300395256918 0.07483296213808469 0.07812252964426872
0 0.660913140311804 0.6995454545454546 0.14142538975501115 0.0781422924901185
2 0.42104677060133633 0.7236561264822134 0.10267260579064592 0.023853754940711562
1 0.5993318485523386 0.7831422924901186 0.02939866369710478 0.027944664031620527
1 0.5521158129175947 0.7368972332015811 0.015144766146993343 0.022411067193675954
0 0.4968819599109131 0.6997430830039526 0.06503340757238305 0.09039525691699607
0 0.4748329621380846 0.6760276679841897 0.025389755011135808 0.058754940711462485