3 0.02060133630289532 0.7521343873517786 0.04120267260579064 0.301897233201581
5 0.14008908685968818 0.7995652173913043 0.03741648106904231 0.09634387351778656
5 0.43207126948775054 0.8452173913043478 0.011135857461024499 0.08094861660079058
1 0.7155902004454343 0.8833596837944664 0.06592427616926508 0.0426086956521738
1 0.6101336302895323 0.7789920948616601 0.031403118040089134 0.02383399209486155
4 0.46837416481069044 0.8987747035573121 0.667260579064588 0.049723320158102706
0 0.12806236080178174 0.7234387351778656 0.2561247216035635 0.16260869565217387
5 0.2695991091314031 0.7558695652173913 0.03095768374164812 0.06035573122529637
0 0.24164810690423164 0.7107905138339922 0.1870824053452116 0.12466403162055344
5 0.35211581291759464 0.7181225296442688 0.016035634743875253 0.028339920948616662
0 0.33407572383073497 0.6957707509881423 0.10467706013363029 0.07565217391304342
0 0.39743875278396434 0.6950000000000001 0.01581291759465484 0.03345849802371532
0 0.5708240534521158 0.6987351778656127 0.054342984409799504 0.08158102766798414
0 0.4926503340757238 0.7823320158102767 0.1857461024498886 0.24245059288537563
0 0.8366369710467706 0.7151383399209487 0.19443207126948764 0.13968379446640328
0 0.9425389755011135 0.7273913043478261 0.10824053452115819 0.18632411067193672