1 0.743652561247216 0.9074703557312254 0.07750556792873041 0.05132411067193681
1 0.8577951002227171 0.7236561264822134 0.19665924276169255 0.1342687747035572
4 0.48396436525612474 0.9258498023715416 0.6271714922048999 0.052509881422925
1 0.6144766146993318 0.7782015810276679 0.032962138084632414 0.022015810276679815
0 0.4806236080178174 0.7699209486166008 0.17951002227171498 0.20308300395256915
0 0.555011135857461 0.6989525691699605 0.0788418708240534 0.10462450592885364
0 0.11748329621380846 0.7205138339920948 0.23051224944320714 0.22282608695652173
5 0.10244988864142539 0.8023320158102767 0.0556792873051225 0.09397233201581019
0 0.2569042316258352 0.711600790513834 0.1351893095768374 0.1299209486166008
5 0.25857461024498885 0.7566600790513834 0.033853006681514454 0.061936758893280694
0 0.33385300668151446 0.6918379446640316 0.08641425389755014 0.09039525691699607
5 0.3463251670378619 0.7210869565217392 0.022271714922048998 0.038221343873517846