1 0.7075723830734967 0.8724901185770751 0.0587973273942093 0.03272727272727262
3 0.06046770601336303 0.7274308300395257 0.06169265033407573 0.24061264822134387
5 0.15712694877505567 0.7839328063241107 0.033630289532293973 0.07697628458498032
0 0.13608017817371937 0.719288537549407 0.26458797327394207 0.16695652173913048
5 0.27728285077951004 0.7513241106719368 0.026726057906458798 0.04731225296442699
0 0.26525612472160354 0.7052569169960474 0.15768374164810692 0.11992094861660069
5 0.3518930957683742 0.7167391304347827 0.0200445434298441 0.0374308300395258
0 0.34621380846325167 0.6979446640316206 0.08262806236080183 0.06735177865612656
0 0.3983296213808463 0.695790513833992 0.022939866369710495 0.035039525691699644
0 0.8140311804008908 0.7129644268774703 0.16481069042316257 0.13217391304347825
0 0.9510022271714922 0.6795849802371542 0.09799554565701558 0.07377470355731233
5 0.43953229398663696 0.839486166007905 0.019376391982182602 0.08924901185770745
0 0.5006681514476615 0.7724505928853755 0.19287305122494436 0.22268774703557326
4 0.4605790645879733 0.8863241106719368 0.602672605790646 0.052490118577074994