1 0.6336302895322939 0.7961857707509882 0.035634743875278395 0.030335968379446684
5 0.23463251670378618 0.7714822134387351 0.0371937639198218 0.06393280632411072
0 0.21124721603563473 0.7200790513833992 0.20111358574610247 0.14956521739130446
5 0.34164810690423164 0.727213438735178 0.017371937639198243 0.03861660079051376
0 0.31046770601336304 0.7024901185770751 0.12516703786191535 0.08592885375494075
0 0.44465478841870826 0.7651383399209487 0.14988864142538977 0.2017391304347827
0 0.5625835189309577 0.7212845849802372 0.10289532293986635 0.14533596837944657
5 0.5753897550111359 0.7631818181818182 0.014922048997772866 0.05521739130434793
5 0.6093541202672607 0.753498023715415 0.009354120267260681 0.03980237154150195
0 0.8953229398663697 0.7254150197628458 0.20935412026726058 0.13494071146245054
0 0.09743875278396437 0.7619762845849802 0.19487750556792874 0.19223320158102764