5 0.07026726057906459 0.8222924901185771 0.055902004454342985 0.09833992094861659
0 0.11191536748329621 0.7455731225296442 0.22383073496659242 0.21320158102766798
5 0.24788418708240534 0.7635770750988142 0.030289532293986624 0.06391304347826093
0 0.24966592427616927 0.7183003952569169 0.14432071269487753 0.14916996047430833
5 0.3419821826280624 0.7236561264822134 0.02026726057906464 0.03940711462450604
0 0.3202672605790646 0.6973517786561265 0.11447661469933183 0.0883003952569169
1 0.6206013363028953 0.7861067193675889 0.029621380846325065 0.022015810276679815
1 0.7644766146993318 0.9258498023715416 0.08574610244988864 0.052509881422925
0 0.8611358574610245 0.7226482213438735 0.18106904231625826 0.1483794466403163
5 0.5698218262806236 0.7558695652173913 0.009576837416481094 0.04454545454545447
5 0.6 0.7400592885375494 0.009354120267260681 0.04454545454545447
0 0.5667037861915367 0.7137549407114625 0.09599109131403123 0.11478260869565225
0 0.4662583518930958 0.7732411067193675 0.1708240534521158 0.2211067193675889