3 0.4376391982182628 0.6983596837944664 0.017817371937639197 0.1152964426877471
5 0.5356347438752784 0.8169565217391305 0.026726057906458798 0.08369565217391309
0 0.8958797327394209 0.7321343873517786 0.20824053452115812 0.14521739130434785
0 0.7312917594654789 0.6971541501976284 0.10400890868596892 0.08474308300395256
5 0.27472160356347436 0.744802371541502 0.028285077951002203 0.05403162055335975
0 0.289532293986637 0.7202964426877471 0.09131403118040089 0.09988142292490111
0 0.34944320712694876 0.7129841897233201 0.03741648106904234 0.07339920948616598
0 0.3752783964365256 0.6908498023715415 0.035634743875278395 0.060731225296442724
0 0.40612472160356344 0.6934189723320158 0.023830734966592403 0.030296442687747116
0 0.4770601336302895 0.6661264822134387 0.020935412026726007 0.031086956521739165
4 0.489086859688196 0.7963833992094862 0.3835189309576837 0.026778656126482125
2 0.455902004454343 0.8604150197628458 0.6334075723830734 0.08231225296442683
5 0.45734966592427617 0.7748418972332015 0.019376391982182602 0.050889328063241104
0 0.5615812917594655 0.7495256916996047 0.22783964365256126 0.17367588932806324