1 0.8361915367483296 0.9606521739130435 0.12227171492204894 0.07466403162055331
0 0.05679287305122494 0.8086561264822134 0.11358574610244988 0.2647628458498024
0 0.2383073496659243 0.7112055335968379 0.18485523385300667 0.1370355731225297
5 0.2755011135857461 0.7598221343873518 0.03207126948775057 0.06826086956521732
5 0.15668151447661469 0.7495454545454545 0.029621380846325176 0.06351778656126479
0 0.3502227171492205 0.7027075098814229 0.08574610244988864 0.10027667984189725
5 0.3472160356347439 0.7282015810276681 0.024053452115812942 0.05245059288537542
0 0.6515590200445435 0.7645849802371542 0.20289532293986642 0.23588932806324114
5 0.7191536748329621 0.8711067193675889 0.028507795100222617 0.10505928853754934
5 0.7525612472160356 0.8072727272727274 0.024053452115812817 0.08409090909090901
0 0.5001113585746103 0.6965810276679842 0.06035634743875284 0.08407114624505922
0 0.39999999999999997 0.6934189723320158 0.05389755011135855 0.0777470355731226
3 0.4576837416481069 0.6811660079051384 0.013363028953229399 0.06112648221343864