0 0.03173719376391982 0.8728656126482214 0.06347438752783964 0.14832015810276672
5 0.15824053452115813 0.8157707509881422 0.04922048997772827 0.08922924901185766
0 0.15612472160356347 0.7441897233201581 0.24231625835189313 0.20411067193675883
5 0.32616926503340754 0.7357114624505928 0.028730512249443157 0.04375494071146242
0 0.29342984409799555 0.7038735177865613 0.14810690423162584 0.09501976284584988
1 0.6839643652561248 0.830197628458498 0.047216035634743976 0.03507905138339921
5 0.6121380846325167 0.7946245059288537 0.01269487750556803 0.07460474308300395
5 0.6439866369710467 0.76199604743083 0.009576837416480967 0.06075098814229251
0 0.5692650334075724 0.7382608695652174 0.14298440979955454 0.16063241106719361
0 0.4818485523385301 0.6752173913043479 0.020712694877505593 0.04136363636363626
0 0.42327394209354124 0.7443873517786562 0.10712694877505573 0.1602371541501977