1 0.7821826280623608 0.9466205533596838 0.087750556792873 0.058438735177865714
5 0.05868596881959911 0.8313833992094862 0.05946547884187083 0.10861660079051391
0 0.10690423162583519 0.7465612648221344 0.21380846325167038 0.2151778656126482
5 0.244097995545657 0.7661462450592885 0.03608017817371935 0.06511857707509891
0 0.21403118040089086 0.7147430830039526 0.20668151447661473 0.1483794466403163
5 0.3418708240534521 0.7218774703557312 0.022271714922048998 0.03980237154150195
0 0.31915367483296214 0.6991304347826087 0.11224944320712693 0.08869565217391304
5 0.40378619153674833 0.8286166007905138 0.01247216035634749 0.07936758893280627
0 0.47271714922048996 0.7771936758893281 0.15924276169265034 0.22901185770750987
0 0.5650334075723831 0.7173320158102767 0.0944320712694877 0.1374308300395256
5 0.5701559020044543 0.7574505928853754 0.011135857461024499 0.047707509881422895
1 0.6260579064587973 0.7880830039525691 0.02939866369710478 0.01806324110671934
0 0.88184855233853 0.7234387351778656 0.20913140311804004 0.14679841897233195
5 0.6024498886414253 0.7424308300395257 0.008908685968819599 0.04928853754940722