1 0.765033407572383 0.929802371541502 0.0935412026726058 0.060415019762845946
0 0.8808463251670379 0.7358893280632411 0.2383073496659243 0.14956521739130446
0 0.7124721603563474 0.6997233201581028 0.09532293986636961 0.08355731225296437
0 0.5579064587973274 0.7489328063241106 0.19599109131403117 0.1629841897233202
5 0.5407572383073497 0.8041106719367589 0.023608017817371988 0.06195652173913048
5 0.4680400890868597 0.7633794466403162 0.014031180400890894 0.051660079051383374
0 0.24153674832962138 0.7145454545454546 0.2158129175946548 0.11320158102766793
5 0.16469933184855234 0.7400592885375494 0.022494432071269475 0.06035573122529637
0 0.362249443207127 0.7086363636363636 0.038530066815144794 0.05679841897233203
0 0.3925389755011136 0.6928260869565217 0.01893095768374165 0.04096837944664035
0 0.4116926503340757 0.6888735177865613 0.021603563474387504 0.033063241106719404
0 0.4797327394209354 0.6750395256916996 0.026280623608017844 0.04492094861660083
4 0.39097995545657016 0.7841304347826087 0.14498886414253903 0.02596837944664029
2 0.4731625835189309 0.8349209486166008 0.5276169265033407 0.05029644268774713