1 0.6716035634743875 0.839486166007905 0.04699331848552343 0.025988142292490073
4 0.47438752783964366 0.8473913043478261 0.5055679287305123 0.041818181818181754
3 0.25512249443207125 0.710810276679842 0.033630289532293973 0.1757905138339922
2 0.4249443207126949 0.9250592885375494 0.8432071269487751 0.0755731225296443
5 0.19721603563474388 0.7740513833992095 0.042538975501113574 0.06511857707509891
0 0.14643652561247217 0.7224505928853755 0.29287305122494434 0.14482213438735173
5 0.301336302895323 0.7450000000000001 0.02138084632516709 0.05047430830039518
0 0.2682628062360802 0.701897233201581 0.16726057906458797 0.1226877470355732
5 0.36146993318485526 0.7143675889328064 0.01692650334075729 0.03266798418972327
0 0.35489977728285077 0.6949802371541502 0.06971046770601338 0.06142292490118585
5 0.46692650334075725 0.8359288537549407 0.016258351893095793 0.0742292490118576
0 0.5316258351893095 0.7677075098814229 0.18619153674832967 0.2163636363636364
0 0.9482182628062361 0.7610079051383399 0.10356347438752785 0.1270158102766798
0 0.7825167037861915 0.7139525691699604 0.1440979955456571 0.11833992094861659
0 0.40512249443207127 0.6979446640316206 0.020489977728285053 0.035711462450592986