1 0.6677060133630289 0.8303952569169961 0.04587973273942099 0.03152173913043487
0 0.7854120267260578 0.7123715415019762 0.14543429844097985 0.10569169960474312
0 0.9271714922048998 0.7135770750988142 0.14164810690423169 0.12596837944664033
0 0.9665924276169265 0.659802371541502 0.066815144766147 0.06586956521739139
0 0.5710467706013362 0.7313438735177865 0.18218262806236077 0.11515810276679839
5 0.5721603563474387 0.7750395256916996 0.02850779510022268 0.06314229249011867
5 0.4933184855233853 0.754090909090909 0.022271714922048998 0.044940711462450614
0 0.4829621380846325 0.668695652173913 0.012694877505567904 0.032272727272727356
0 0.5005567928730512 0.6819565217391305 0.034521158129175944 0.04689723320158106
0 0.6812917594654788 0.6934189723320158 0.050779510022271615 0.0777470355731226
4 0.4212694877505568 0.7580434782608696 0.1253897550111359 0.021225296442687766
2 0.42160356347438754 0.7847233201581028 0.25300668151447664 0.04794466403162054