3 0.4035634743875278 0.6961857707509881 0.016481069042316207 0.12280632411067191
0 0.9042316258351893 0.7455731225296442 0.1915367483296214 0.16577075098814228
0 0.7383073496659243 0.7186956521739131 0.111358574610245 0.10885375494071155
5 0.26080178173719376 0.7499407114624507 0.02939866369710465 0.056403162055335895
5 0.5275055679287305 0.8224901185770751 0.0305122494432071 0.07895256916996056
5 0.4532293986636971 0.7776086956521739 0.013363028953229399 0.06432806324110663
0 0.47683741648106903 0.6696837944664031 0.024944320712694854 0.030296442687747116
0 0.22305122494432073 0.7147430830039526 0.2175946547884187 0.11675889328063249
0 0.3403118040089087 0.710810276679842 0.050334075723830786 0.06509881422924889
0 0.3810690423162583 0.6965810276679842 0.020489977728285053 0.05243083003952564
0 0.5498886414253897 0.7643478260869565 0.2155902004454343 0.18749011857707512
4 0.4853006681514477 0.8096245059288538 0.4160356347438753 0.02559288537549416
2 0.44788418708240535 0.8791897233201581 0.688641425389755 0.10405138339920944