1 0.6187082405345212 0.7853162055335968 0.02806236080178179 0.020434782608695714
1 0.760467706013363 0.9248616600790515 0.08663697104677055 0.03867588932806334
0 0.4688195991091314 0.7624110671936758 0.17817371937639198 0.21177865612648214
0 0.5602449888641425 0.7082411067193676 0.08663697104677055 0.11134387351778663
0 0.8746102449888641 0.7147628458498024 0.22360801781737188 0.15205533596837933
0 0.11191536748329621 0.7252371541501976 0.22383073496659242 0.200691699604743
5 0.07861915367483295 0.8179446640316206 0.05701559020044543 0.09754940711462454
0 0.2489977728285078 0.7139723320158102 0.14387527839643652 0.16628458498023713
5 0.2522271714922049 0.7602173913043478 0.04120267260579064 0.07697628458498032
0 0.3259465478841871 0.6926284584980238 0.0951002227171492 0.09197628458498017
5 0.34543429844097995 0.7226679841897233 0.020489977728285053 0.04138339920948628
0 0.38385300668151445 0.6839328063241107 0.041648106904231603 0.058754940711462485