3 0.9671492204899778 0.754901185770751 0.06570155902004454 0.362786561264822
0 0.8959910913140312 0.6991501976284584 0.10601336302895328 0.0852569169960474
0 0.7997772828507795 0.6835375494071146 0.10066815144766157 0.09750988142292497
0 0.8559020044543431 0.6675098814229249 0.04365256124721609 0.05361660079051383
0 0.6910913140311804 0.7092292490118577 0.17728285077951006 0.10936758893280639
2 0.39643652561247217 0.9011462450592885 0.77728285077951 0.11946640316205542
1 0.6484409799554565 0.821501976284585 0.05412026726057896 0.03349802371541511
1 0.5766146993318485 0.7517193675889328 0.01959910913140308 0.02438735177865619
0 0.5004454342984409 0.7005335968379447 0.0632516703786191 0.09197628458498017
0 0.47795100222717146 0.6704743083003952 0.02271714922048995 0.047687747035573116
2 0.46648106904231623 0.728399209486166 0.20244988864142535 0.048893280632411086