1 0.7354120267260579 0.9013438735177866 0.0743875278396436 0.05090909090909089
0 0.8630289532293987 0.7311462450592885 0.22717149220489977 0.14324110671936763
0 0.7063474387527839 0.6949802371541502 0.08975501113585736 0.07723320158102776
0 0.5548997772828508 0.7378656126482214 0.18775055679287309 0.13768774703557304
5 0.5417594654788419 0.7953952569169961 0.02338530066815145 0.06037549407114615
5 0.47004454342984414 0.7606126482213439 0.01358574610244994 0.05403162055335975
4 0.39788418708240536 0.778399209486166 0.13652561247216038 0.018458498023715478
2 0.4665924276169265 0.8208893280632411 0.48552338530066813 0.050711462450592826
0 0.2596881959910913 0.7088142292490119 0.19198218262806233 0.08909090909090916
5 0.18051224944320712 0.7266205533596838 0.03095768374164812 0.04928853754940722
0 0.4821826280623608 0.6720553359683794 0.017817371937639197 0.035039525691699644
0 0.3716035634743875 0.711600790513834 0.0305122494432071 0.050869565217391326
0 0.39543429844098 0.6955928853754941 0.02026726057906464 0.03859683794466398
0 0.4140311804008909 0.6908498023715415 0.015144766146993343 0.02911067193675893