3 0.3878619153674833 0.695790513833992 0.022939866369710495 0.1457312252964427
4 0.488641425389755 0.8076482213438736 0.4182628062360802 0.029545454545454635
0 0.9070155902004454 0.7414229249011858 0.18596881959910913 0.1701185770750989
0 0.7472160356347439 0.6973517786561265 0.12026726057906459 0.0883003952569169
0 0.5485523385300668 0.7584189723320158 0.21291759465478846 0.19146245059288536
0 0.4746102449888641 0.6641501976284585 0.020489977728285053 0.035039525691699644
5 0.25412026726057907 0.7507312252964427 0.033853006681514454 0.05798418972332022
0 0.2380846325167038 0.7169367588932806 0.17104677060133633 0.11292490118577073
0 0.3360801781737194 0.7125889328063241 0.05523385300668154 0.08051383399209489
0 0.4042316258351893 0.6894664031620553 0.022271714922048998 0.03820158102766807
2 0.438641425389755 0.8884782608695652 0.7302895322939866 0.12895256916996048
5 0.5178173719376392 0.8228853754940711 0.026726057906458798 0.07183794466403166
5 0.449554565701559 0.7675296442687747 0.017149220489977704 0.05600790513833998