1 0.7369710467706013 0.904901185770751 0.08195991091314021 0.05013833992094863
4 0.4799554565701559 0.9187351778656127 0.7527839643652561 0.04079051383399207
5 0.4229398663697105 0.838300395256917 0.015144766146993343 0.09478260869565225
5 0.10968819599109131 0.8033201581027668 0.05011135857461024 0.09199604743082995
0 0.12249443207126949 0.7424110671936759 0.24498886414253898 0.15628458498023723
5 0.2606904231625835 0.7536956521739131 0.03140311804008907 0.05205533596837951
5 0.3473273942093541 0.7187154150197629 0.022048997772828458 0.04928853754940722
0 0.22015590200445434 0.7147430830039526 0.21893095768374168 0.11675889328063249
0 0.34276169265033407 0.7005138339920948 0.07394209354120265 0.0661462450592886
0 0.39443207126948776 0.6955928853754941 0.020489977728285053 0.03859683794466398
0 0.8512249443207127 0.7216600790513834 0.20801781737193759 0.13059288537549416
1 0.6158129175946548 0.7799802371541502 0.035634743875278395 0.02581027667984179
0 0.477728285077951 0.7708695652173914 0.17817371937639198 0.22584980237154145
0 0.5645879732739421 0.7042687747035573 0.0757238307349666 0.10213438735177856