3 0.39933184855233855 0.6975691699604744 0.02138084632516709 0.12952569169960468
5 0.5258351893095768 0.8228853754940711 0.024944320712694854 0.07183794466403166
0 0.9084632516703786 0.7325494071146246 0.18084632516703797 0.16393280632411075
0 0.7433184855233853 0.7064426877470356 0.11915367483296214 0.09383399209486169
5 0.4547884187082405 0.7724703557312254 0.012026726057906409 0.06195652173913048
4 0.4878619153674833 0.803695652173913 0.4144766146993319 0.021640316205533687
2 0.44610244988864145 0.8928458498023715 0.711804008908686 0.11235177865612653
5 0.2576837416481069 0.7463833992094862 0.02316258351893097 0.05719367588932817
0 0.25100222717149223 0.7129841897233201 0.14342984409799556 0.12083003952569167
0 0.33875278396436526 0.7161462450592886 0.05167037861915365 0.06391304347826093
0 0.3755011135857461 0.6928260869565217 0.02271714922048995 0.04096837944664035
0 0.4146993318485523 0.6934189723320158 0.00579064587973279 0.030296442687747116
0 0.47538975501113584 0.6659288537549407 0.024276169265033357 0.0346442687747035
0 0.5534521158129176 0.752490118577075 0.22271714922049 0.17960474308300395