3 0.9214922048997772 0.7471936758893281 0.05679287305122494 0.2959683794466403
2 0.4220489977728285 0.8714822134387352 0.7616926503340757 0.1234189723320159
1 0.6328507795100222 0.8072529644268776 0.049665924276169164 0.020849802371541413
0 0.9028953229398663 0.7088142292490119 0.15100222717149211 0.10490118577075107
0 0.7846325167037862 0.6805731225296443 0.08819599109131408 0.07179841897233209
0 0.6869710467706013 0.7125691699604743 0.16236080178173715 0.09341897233201578
0 0.4983296213808463 0.7066403162055336 0.06570155902004454 0.09739130434782603
1 0.5717149220489978 0.7495454545454545 0.01870824053452111 0.016086956521739103
0 0.4755011135857461 0.6760276679841897 0.013363028953229399 0.04294466403162059
4 0.4760579064587973 0.719505928853755 0.15478841870824053 0.019229249011857744
2 0.4811804008908686 0.7337351778656126 0.18730512249443212 0.03136363636363637