0 0.013363028953229399 0.8554940711462451 0.026726057906458798 0.1489525691699605
0 0.1534521158129176 0.7394861660079052 0.2155902004454343 0.2291501976284586
5 0.14320712694877505 0.8191304347826087 0.043652561247216025 0.09201581027667974
1 0.6894209354120268 0.839486166007905 0.055902004454343034 0.04179841897233197
1 0.5815144766146993 0.7424308300395257 0.1363028953229399 0.1757905138339922
5 0.6165924276169266 0.805494071146245 0.01269487750556803 0.06867588932806325
5 0.6487750556792873 0.7683201581027668 0.01247216035634749 0.057588932806324086
0 0.4339643652561247 0.7305731225296443 0.0928730512249443 0.13626482213438745
0 0.2978841870824053 0.7056719367588933 0.12806236080178174 0.11015810276679844
5 0.3234966592427617 0.7372924901185771 0.02338530066815145 0.046916996047430846
0 0.3723830734966592 0.6955928853754941 0.03429844097995541 0.07021739130434777
5 0.3712694877505568 0.719308300395257 0.01870824053452111 0.03861660079051376
0 0.4799554565701559 0.6744268774703557 0.022271714922048998 0.039782608695652165