0 0.02060133630289532 0.8539130434782608 0.04120267260579064 0.17741106719367586
0 0.15701559020044542 0.7355335968379447 0.22271714922049 0.22124505928853763
5 0.14955456570155903 0.8114229249011857 0.05278396436525611 0.08843873517786562
0 0.3011135857461024 0.7013241106719368 0.12338530066815143 0.10936758893280639
5 0.3270601336302895 0.7384782608695653 0.021603563474387504 0.04138339920948628
1 0.6879732739420935 0.8355335968379446 0.05523385300668141 0.033893280632411024
0 0.5781737193763921 0.7374901185770751 0.1429844097995546 0.16986166007905149
0 0.47683741648106903 0.6768181818181819 0.024944320712694854 0.044525691699604686
0 0.4287305122494432 0.7343280632411067 0.09799554565701558 0.14772727272727273
5 0.615033407572383 0.8001581027667984 0.014031180400890767 0.06986166007905142
5 0.6468819599109131 0.769901185770751 0.010913140311803958 0.060770750988142296