5 0.24755011135857463 0.7542885375494072 0.03630289532293989 0.05719367588932817
5 0.5103563474387528 0.8222924901185771 0.02739420935412029 0.08252964426877468
5 0.44788418708240535 0.769901185770751 0.011581291759465453 0.060770750988142296
3 0.36993318485523385 0.7082411067193676 0.016035634743875253 0.1429644268774704
4 0.4902004454342984 0.8145652173913044 0.4347438752783964 0.03152173913043487
2 0.4435412026726058 0.9013438735177866 0.7757238307349666 0.10721343873517787
0 0.9136971046770601 0.7376679841897233 0.17260579064587972 0.16577075098814228
0 0.751781737193764 0.6979446640316206 0.11826280623608022 0.08316205533596846
0 0.4747216035634744 0.6671146245059288 0.018485523385300694 0.02911067193675893
0 0.5467706013363028 0.7576284584980237 0.20044543429844097 0.19304347826086968
0 0.21937639198218262 0.7129841897233201 0.19599109131403117 0.12083003952569167
0 0.3321826280623608 0.7082411067193676 0.0630289532293987 0.09553359683794473
0 0.40612472160356344 0.6894664031620553 0.023830734966592403 0.03820158102766807