3 0.0888641425389755 0.7608300395256917 0.059688195991091306 0.2876679841897232
4 0.4540089086859688 0.8843478260869566 0.5605790645879732 0.05644268774703547
2 0.42316258351893093 0.9519367588932807 0.8307349665924276 0.06924901185770743
1 0.7010022271714922 0.8657707509881423 0.061247216035634745 0.043003952569169945
0 0.5028953229398664 0.7732411067193675 0.18841870824053458 0.20527667984189724
0 0.9838530066815144 0.8092292490118578 0.03229398663697105 0.10960474308300402
0 0.7938752783964365 0.7044664031620553 0.13563474387527835 0.10569169960474312
5 0.15812917594654788 0.7813636363636364 0.042316258351893093 0.07579051383399214
0 0.18195991091314032 0.7242292490118577 0.16391982182628062 0.16102766798418977
5 0.27928730512249444 0.753498023715415 0.026280623608017844 0.05561264822134385
0 0.2581291759465479 0.7119762845849802 0.16302895322939864 0.11438735177865612
5 0.3514476614699332 0.719505928853755 0.019153674832962188 0.03505928853754942
0 0.33674832962138085 0.701897233201581 0.09042316258351898 0.07525691699604752
0 0.39587973273942095 0.701897233201581 0.02338530066815145 0.04361660079051393