5 0.11659242761692651 0.8475889328063241 0.05055679287305123 0.101501976284585
0 0.1354120267260579 0.750711462450593 0.22583518930957686 0.21083003952569182
5 0.322271714922049 0.7471739130434782 0.01870824053452111 0.042964426877470374
0 0.29187082405345216 0.7107905138339922 0.14677060133630287 0.10885375494071155
5 0.37193763919821826 0.7262252964426879 0.011135857461024499 0.040592885375494
0 0.3809576837416481 0.718102766798419 0.048775055679287256 0.0665415019762845
0 0.45144766146993315 0.7287747035573122 0.0988864142538975 0.11634387351778656
0 0.5846325167037862 0.7568379446640315 0.1603563474387528 0.1787944664031621
5 0.6293986636971047 0.8222924901185771 0.012917594654788317 0.08252964426877468
5 0.6581291759465479 0.7825494071146245 0.013363028953229399 0.05444664031620544
1 0.7095768374164811 0.8606324110671937 0.05835189309576848 0.04063241106719357