1 0.6797327394209354 0.847193675889328 0.0521158129175946 0.029545454545454635
4 0.4658129175946548 0.8549011857707509 0.5262806236080179 0.033122529644268754
2 0.41146993318485525 0.9299999999999999 0.8184855233853007 0.08545454545454548
3 0.21993318485523386 0.7155533596837944 0.025612472160356347 0.18527667984189725
5 0.18730512249443207 0.7746442687747036 0.033853006681514454 0.07025691699604734
5 0.46080178173719377 0.8357312252964427 0.010690423162583545 0.09359683794466406
5 0.42316258351893093 0.7787944664031621 0.011135857461024499 0.07460474308300395
0 0.5095768374164811 0.7744268774703558 0.19287305122494436 0.2266403162055337
0 0.1461024498886414 0.7224505928853755 0.2846325167037862 0.14482213438735173
5 0.2997772828507795 0.7432213438735178 0.021826280623608044 0.050869565217391326
0 0.2920935412026726 0.7119762845849802 0.11514476614699329 0.11438735177865612
5 0.35835189309576837 0.7139723320158102 0.019599109131403142 0.03980237154150195
0 0.34231625835189305 0.6961660079051383 0.08374164810690428 0.06695652173913043
0 0.39710467706013364 0.6983596837944664 0.025835189309576886 0.052035573122529724
0 0.7965478841870823 0.7123715415019762 0.14988864142538966 0.12150197628458502
0 0.9593541202672605 0.785513833992095 0.08129175946547884 0.14124505928853762