3 0.4448775055679287 0.7021146245059288 0.021158129175946547 0.11094861660079049
1 0.8099109131403117 0.965197628458498 0.06080178173719366 0.024446640316205543
0 0.8930957683741648 0.7455731225296442 0.21380846325167038 0.16577075098814228
0 0.7293986636971047 0.7028853754940712 0.10244988864142539 0.09304347826086964
0 0.21503340757238307 0.7250197628458498 0.23853006681514474 0.09618577075098807
0 0.35322939866369707 0.7123913043478262 0.04053452115812915 0.06826086956521732
0 0.38429844097995547 0.6953952569169961 0.02472160356347444 0.04215415019762854
0 0.40835189309576836 0.6886758893280633 0.019376391982182602 0.03662055335968374
0 0.4809576837416481 0.6669169960474308 0.022048997772828458 0.03266798418972327
4 0.38017817371937634 0.7955928853754941 0.15233853006681508 0.025197628458498024
2 0.46024498886414256 0.8600197628458498 0.6175946547884187 0.09100790513833983
5 0.5380846325167038 0.8163636363636363 0.027171492204899752 0.07855731225296443
5 0.4599109131403118 0.77800395256917 0.017817371937639197 0.05721343873517796
0 0.5593541202672606 0.7572332015810277 0.21447661469933188 0.1700988142292491
5 0.27193763919821823 0.7487549407114624 0.033853006681514454 0.0461264822134388