1 0.7533407572383074 0.9175494071146244 0.09020044543429843 0.059624505928853676
0 0.8814031180400891 0.7424110671936759 0.23719376391982183 0.15628458498023723
0 0.710022271714922 0.6932015810276679 0.09487750556792877 0.07683794466403161
4 0.39510022271714923 0.7823517786561265 0.14209354120267262 0.026363636363636426
2 0.47160356347438753 0.8291897233201581 0.5200445434298441 0.057806324110671936
0 0.5605790645879732 0.7511067193675889 0.2102449888641425 0.13887351778656123
5 0.5413140311804009 0.8017193675889328 0.022494432071269537 0.05721343873517796
5 0.46893095768374166 0.7669367588932806 0.01581291759465484 0.050869565217391326
0 0.3669265033407572 0.7098221343873518 0.034521158129175944 0.05126482213438746
0 0.3948775055679288 0.6995454545454546 0.02138084632516709 0.03069169960474303
0 0.4153674832962138 0.6938142292490118 0.017817371937639197 0.023181818181818217
0 0.4821826280623608 0.6702766798418973 0.017817371937639197 0.03543478260869555
0 0.25389755011135856 0.709209486166008 0.19821826280623608 0.09620553359683784
5 0.17082405345211582 0.7382806324110672 0.025835189309576824 0.044940711462450614