3 0.3366369710467706 0.703695652173913 0.018485523385300694 0.1615415019762846
5 0.49342984409799556 0.8248616600790514 0.02026726057906464 0.08371541501976287
0 0.923162583518931 0.74300395256917 0.15367483296213807 0.1511264822134388
0 0.7524498886414255 0.701304347826087 0.11514476614699341 0.09620553359683784
1 0.6586859688195991 0.8147628458498023 0.02338530066815145 0.027964426877470312
4 0.4876391982182628 0.821501976284585 0.46302895322939863 0.03349802371541511
2 0.4258351893095768 0.9092490118577075 0.8271714922048997 0.10721343873517787
5 0.23674832962138084 0.752905138339921 0.034743875278396424 0.05047430830039518
5 0.44153674832962136 0.7746442687747036 0.01002227171492205 0.05444664031620544
0 0.5338530066815145 0.7649407114624506 0.1924276169265033 0.19816205533596834
0 0.4732739420935412 0.6655335968379447 0.017817371937639197 0.025948616600790505
0 0.19276169265033408 0.7137549407114625 0.21180400890868595 0.13059288537549416
0 0.3536748329621381 0.7187154150197629 0.012026726057906409 0.04928853754940722
0 0.37427616926503343 0.6926284584980238 0.026948775055679337 0.044525691699604686
0 0.4027839643652561 0.6918379446640316 0.021603563474387504 0.027134387351778692