0 0.04064587973273942 0.8533003952569169 0.08129175946547884 0.2072332015810277
5 0.14153674832962138 0.7568577075098815 0.020267260579064576 0.058379446640316135
5 0.27383073496659244 0.7604150197628459 0.02650334075723832 0.057588932806324086
0 0.2348552338530067 0.7139525691699604 0.19844097995545656 0.13415019762845848
5 0.344988864142539 0.7313636363636363 0.019599109131403142 0.042964426877470374
0 0.3360801781737194 0.7044664031620553 0.10512249443207125 0.08988142292490123
0 0.40690423162583517 0.7084189723320158 0.04365256124721609 0.05033596837944669
3 0.4553452115812917 0.6845256916996048 0.010913140311803958 0.06389328063241115
0 0.5013363028953229 0.7003162055335969 0.05612472160356345 0.07841897233201571
0 0.6864142538975501 0.7692885375494071 0.23474387527839638 0.24482213438735176
5 0.7426503340757238 0.8641897233201581 0.015367483296213758 0.08727272727272721
5 0.7926503340757238 0.7932411067193675 0.015144766146993217 0.08369565217391309
1 0.8559020044543431 0.9703359683794467 0.08819599109131408 0.026818181818181918