0 0.7332962138084632 0.8752569169960475 0.08574610244988864 0.04616600790513837
0 0.11469933184855234 0.7618181818181818 0.2182628062360802 0.285691699604743
5 0.06748329621380847 0.8495652173913043 0.05434298440979955 0.11335968379446643
0 0.28073496659242764 0.7072529644268775 0.15167037861915367 0.12913043478260877
5 0.31169265033407567 0.7465810276679842 0.030957683741648055 0.05363636363636361
0 0.3712694877505568 0.7070553359683794 0.0632516703786191 0.0852569169960474
5 0.36525612472160357 0.7260276679841897 0.015590200445434299 0.04415019762845856
0 0.5954342984409801 0.7537154150197628 0.16191536748329624 0.19436758893280637
5 0.6461024498886415 0.8272332015810276 0.016035634743875378 0.0884584980237154
0 0.472271714922049 0.7090316205533597 0.07149220489977734 0.09711462450592882
0 0.410913140311804 0.6973715415019763 0.035634743875278395 0.054011857707509964