1 0.784521158129176 0.9480039525691699 0.08129175946547884 0.06515810276679847
0 0.8815144766146994 0.7246442687747036 0.18841870824053458 0.14812252964426886
1 0.6262806236080178 0.7900592885375494 0.03429844097995541 0.02994071146245055
0 0.46035634743875276 0.7659683794466403 0.15233853006681508 0.2109881422924901
0 0.560913140311804 0.7165415019762845 0.0973273942093541 0.12003952569169962
0 0.10523385300668152 0.7424505928853755 0.21046770601336304 0.20741106719367597
5 0.05367483296213809 0.830790513833992 0.04276169265033408 0.10347826086956524
0 0.24543429844097997 0.7127865612648222 0.13674832962138087 0.15600790513833981
5 0.24287305122494432 0.7716798418972333 0.03095768374164812 0.07618577075098805
0 0.32817371937639195 0.6926284584980238 0.0906458797327394 0.09197628458498017
5 0.3410913140311804 0.727213438735178 0.02739420935412029 0.03861660079051376