3 0.42238307349665927 0.7013241106719368 0.025167037861915393 0.1251778656126483
0 0.7370824053452115 0.710395256916996 0.11559020044543425 0.10173913043478265
0 0.9008908685968819 0.736106719367589 0.19599109131403117 0.17895256916996038
5 0.5307349665924277 0.8199209486166008 0.025835189309576886 0.07776679841897238
0 0.5577951002227172 0.7560474308300396 0.21581291759465474 0.1803754940711462
0 0.27360801781737193 0.7167391304347827 0.1106904231625835 0.10067193675889316
0 0.34766146993318486 0.7092292490118577 0.033853006681514454 0.061936758893280694
0 0.37951002227171493 0.6948023715415019 0.03073496659242764 0.03701581027667988
0 0.47817371937639197 0.6677075098814229 0.01870824053452111 0.03424901185770759
5 0.26525612472160354 0.7469762845849803 0.02939866369710465 0.04652173913043471
4 0.37115812917594654 0.8040909090909091 0.16325167037861918 0.030335968379446684
2 0.4406458797327394 0.8768181818181818 0.63184855233853 0.09298418972332007