2 0.4334075723830735 0.8349209486166008 0.5928730512249443 0.06610671936758902
3 0.8709354120267261 0.7177272727272728 0.058129175946547935 0.2251976284584981
0 0.9699331848552338 0.7129841897233201 0.060133630289532294 0.10501976284584978
0 0.8804008908685969 0.6975691699604744 0.1389755011135857 0.09790513833992087
0 0.7711581291759465 0.6764229249011857 0.08129175946547884 0.08326086956521739
0 0.8278396436525612 0.6657312252964427 0.032071269487750506 0.03820158102766807
0 0.6763919821826281 0.7017193675889328 0.15679287305122488 0.08644268774703559
1 0.6162583518930957 0.7938142292490119 0.0454342984409799 0.041403162055336055
0 0.5002227171492205 0.6991501976284584 0.06726057906458795 0.1010671936758893
0 0.4770601336302895 0.6783992094861659 0.029844097995545608 0.063498023715415
1 0.5652561247216036 0.7463833992094862 0.019153674832962188 0.025573122529644377
2 0.46080178173719377 0.728794466403162 0.19777282850779512 0.04177865612648218