3 0.45189309576837416 0.6973715415019763 0.019599109131403142 0.11727272727272733
0 0.7280623608017817 0.7088142292490119 0.10868596881959901 0.10490118577075107
0 0.8925389755011136 0.7378656126482214 0.21492204899777284 0.16932806324110686
1 0.7955456570155902 0.9598616600790514 0.087750556792873 0.04144268774703563
4 0.4688195991091314 0.8544861660079052 0.5968819599109132 0.07045454545454541
4 0.3851893095768374 0.7949999999999999 0.16013363028953223 0.03586956521739126
5 0.2826280623608018 0.7424308300395257 0.028507795100222742 0.04928853754940722
5 0.5428730512249443 0.8167588932806323 0.030066815144766147 0.07144268774703552
0 0.35467706013363026 0.7064624505928855 0.04120267260579064 0.06430830039525684
0 0.3851893095768374 0.6936166007905139 0.02650334075723826 0.04254940711462445
0 0.4085746102449888 0.6914426877470355 0.024276169265033357 0.03424901185770759
0 0.5583518930957684 0.7520948616600791 0.22360801781737188 0.17247035573122527
0 0.48040089086859683 0.6698814229249012 0.023162583518930906 0.04254940711462445
0 0.2210467706013363 0.7222529644268775 0.23719376391982183 0.10962450592885381