5 0.04576837416481069 0.8373122529644269 0.0465478841870824 0.11256916996047438
1 0.6298440979955456 0.7902569169960474 0.032516703786191585 0.02638339920948621
1 0.789086859688196 0.9491897233201582 0.07928730512249449 0.04381422924901178
0 0.8861915367483296 0.7281818181818182 0.2022271714922048 0.1531225296442688
0 0.45979955456570154 0.7710671936758894 0.15835189309576841 0.229407114624506
0 0.5603563474387527 0.7151383399209487 0.10645879732739423 0.12387351778656117
5 0.5713808463251671 0.7645652173913043 0.01581291759465484 0.0461264822134388
0 0.10300668151447662 0.7677075098814229 0.20601336302895323 0.18472332015810283
5 0.23763919821826282 0.7669367588932806 0.03652561247216037 0.06669960474308301
0 0.2603563474387528 0.734505928853755 0.11403118040089084 0.10883399209486176
5 0.3419821826280624 0.7252371541501976 0.02026726057906464 0.04256916996047424
0 0.32761692650334073 0.7032806324110672 0.09532293986636974 0.08434782608695643