4 0.4249443207126949 0.754090909090909 0.22850779510022276 0.029130434782608714
1 0.5665924276169265 0.7799802371541502 0.03073496659242764 0.0216205533596839
2 0.43106904231625837 0.7347233201581027 0.22516703786191541 0.01752964426877471
0 0.8210467706013362 0.7084387351778657 0.13652561247216025 0.10778656126482206
0 0.9404231625835189 0.7086363636363636 0.09910913140311804 0.10422924901185772
0 0.03841870824053452 0.770711462450593 0.07683741648106904 0.18885375494071135
0 0.12260579064587973 0.719703557312253 0.17394209354120266 0.15800395256917005
0 0.47293986636971047 0.6878853754940711 0.041648106904231603 0.06666007905138344
0 0.4487750556792873 0.6720750988142292 0.022271714922048998 0.05084980237154154
0 0.5773942093541202 0.6861067193675889 0.09465478841870824 0.05124505928853745
0 0.6982182628062361 0.6845256916996048 0.022271714922048998 0.032272727272727356
0 0.7315144766146993 0.6819565217391305 0.042538975501113636 0.06270750988142296