1 0.6574610244988864 0.811205533596838 0.04320712694877501 0.02875494071146236
0 0.9198218262806236 0.7287747035573122 0.1603563474387528 0.14798418972332014
5 0.5932071269487751 0.7764229249011858 0.01492204899777293 0.05405138339920953
5 0.6242761692650335 0.7554743083003952 0.008017817371937689 0.051660079051383374
0 0.5652561247216036 0.7273913043478261 0.1260579064587974 0.13889328063241102
0 0.4815144766146993 0.6742292490118578 0.01469933184855239 0.027529644268774606
0 0.43663697104677063 0.7609881422924901 0.12494432071269493 0.1934387351778656
0 0.07071269487750557 0.7993280632411067 0.14142538975501115 0.2163438735177866
5 0.1983296213808463 0.7892687747035573 0.04922048997772827 0.07579051383399214
0 0.19031180400890868 0.7293675889328063 0.21625835189309575 0.19027667984189717
5 0.33296213808463254 0.7305731225296443 0.022271714922048998 0.04138339920948628
0 0.3150334075723831 0.7038735177865613 0.1182628062360802 0.09501976284584988