3 0.1544543429844098 0.7331620553359685 0.046102449888641414 0.23231225296442679
0 0.14899777282850782 0.7278063241106719 0.25122494432071274 0.1702569169960474
0 0.2959910913140312 0.7127865612648222 0.08195991091314034 0.10857707509881412
5 0.283184855233853 0.744802371541502 0.02739420935412029 0.05403162055335975
1 0.6916481069042316 0.8572727272727272 0.05144766146993324 0.03786561264822128
0 0.5173719376391982 0.7677470355731225 0.18619153674832967 0.22640316205533587
0 0.8060133630289532 0.7098221343873518 0.1487750556792872 0.11450592885375482
0 0.3507795100222717 0.6961857707509881 0.05790645879732739 0.07537549407114622
5 0.3534521158129176 0.7187154150197629 0.01870824053452111 0.033478260869565325
0 0.3929844097995545 0.6926284584980238 0.028730512249443157 0.044525691699604686
4 0.46202672605790646 0.8740711462450592 0.5498886414253897 0.05169960474308294
2 0.40679287305122497 0.9388932806324111 0.8135857461024499 0.07162055335968381