0 0.018374164810690423 0.8594664031620554 0.036748329621380846 0.220098814229249
0 0.2269487750556793 0.7183201581027668 0.19331848552338532 0.15126482213438727
0 0.7339643652561247 0.7610276679841896 0.24298440979955463 0.2524901185770751
5 0.7806236080178174 0.8628063241106719 0.026726057906458798 0.09636363636363635
5 0.8394209354120267 0.8078656126482213 0.028507795100222617 0.07341897233201576
5 0.26024498886414255 0.761403162055336 0.0394209354120267 0.05561264822134385
5 0.12850779510022273 0.7590316205533597 0.03207126948775057 0.06667984189723322
0 0.3412026726057906 0.7011264822134387 0.0966592427616926 0.11292490118577073
0 0.4064587973273942 0.6944071146245059 0.044543429844097995 0.07577075098814236
0 0.506792873051225 0.6934189723320158 0.055902004454343034 0.0777470355731226
5 0.3389755011135857 0.7313636363636363 0.029844097995545608 0.042964426877470374
3 0.45552338530066816 0.6818577075098814 0.013229398663697099 0.06399209486166008
0 0.4327728285077951 0.6863636363636364 0.027082405345211637 0.053241106719367694