4 0.46391982182628067 0.9066798418972332 0.667260579064588 0.04974308300395249
0 0.8443207126948775 0.7112055335968379 0.19866369710467716 0.1370355731225297
0 0.49866369710467706 0.7608300395256917 0.18440979955456574 0.2244268774703556
0 0.565924276169265 0.6953952569169961 0.06057906458797325 0.08960474308300402
0 0.1376391982182628 0.7268181818181818 0.2151447661469933 0.20385375494071142
5 0.13140311804008908 0.7954150197628459 0.051224944320712694 0.09199604743082995
0 0.26347438752783964 0.7042885375494071 0.13273942093541202 0.15086956521739137
5 0.2688195991091314 0.7538932806324111 0.03652561247216037 0.06430830039525684
5 0.3518930957683742 0.7167391304347827 0.0200445434298441 0.0374308300395258
0 0.3317371937639198 0.6926284584980238 0.08886414253897545 0.09197628458498017
0 0.3876391982182628 0.6930237154150198 0.03585746102449894 0.053221343873517686
1 0.7187082405345211 0.8865217391304347 0.0810690423162583 0.04893280632411066
1 0.6071269487750557 0.7736561264822135 0.03162583518930968 0.024782608695652103