0 0.03396436525612472 0.8321739130434782 0.06792873051224944 0.23669960474308296
0 0.22538975501113587 0.7179249011857707 0.20356347438752787 0.14256916996047428
5 0.2692650334075724 0.7655533596837945 0.03741648106904234 0.05996047430830046
5 0.1368596881959911 0.7574505928853754 0.03808463251670377 0.06351778656126479
0 0.6951002227171492 0.7663636363636364 0.22984409799554575 0.2196837944664031
5 0.7547884187082405 0.8620158102766798 0.028507795100222617 0.07897233201581035
5 0.8046770601336303 0.7997628458498024 0.02138084632516709 0.07697628458498032
0 0.34398663697104676 0.7023122529644269 0.09109131403118036 0.10739130434782615
5 0.34309576837416483 0.7382806324110672 0.026948775055679337 0.044940711462450614
5 0.3977728285077951 0.695790513833992 0.05835189309576835 0.06666007905138344
5 0.42483296213808464 0.6876877470355732 0.034521158129175944 0.05440711462450588
3 0.45824053452115815 0.6896640316205535 0.012249443207126948 0.0504545454545454
0 0.5065701559020044 0.6926284584980238 0.05100222717149215 0.07614624505928848